CNVR_ID	Chr	Start	End	Frequency	n_Sample
CNVR_1	1	14652420	14717338	1	1
CNVR_2	1	15937076	16069418	1	1
CNVR_3	1	16277524	17021138	2	2
CNVR_4	1	18946871	18998146	1	1
CNVR_5	1	22539046	26966818	2	2
CNVR_6	1	38472886	40379850	1	1
CNVR_7	1	47078177	50057426	1	1
CNVR_8	1	55259756	55396138	1	1
CNVR_9	1	62918442	63025706	1	1
CNVR_10	1	72115021	72350394	1	1
CNVR_11	1	88638760	88904687	2	2
CNVR_12	1	90813044	95047587	2	2
CNVR_13	1	142904469	142999555	4	4
CNVR_111	10	2315405	2335938	1	1
CNVR_112	10	14129663	14200836	1	1
CNVR_113	10	22379850	25265627	53	51
CNVR_114	10	27053298	27098905	1	1
CNVR_115	10	34862923	35014790	3	3
CNVR_116	10	55708101	55805448	3	3
CNVR_117	10	77091346	77143173	1	1
CNVR_118	10	87560350	87800552	2	2
CNVR_119	10	104016609	104152410	2	2
CNVR_120	11	4177123	4225930	1	1
CNVR_121	11	16727817	18471801	1	1
CNVR_122	11	39888471	39936968	2	2
CNVR_123	11	52004919	52140975	1	1
CNVR_124	11	103363410	106804258	4	4
CNVR_125	12	32089643	32182960	7	7
CNVR_126	12	34446868	34505806	1	1
CNVR_127	12	42098999	43799317	2	2
CNVR_128	12	57900635	58725768	27	27
CNVR_129	12	59108123	59239590	5	5
CNVR_130	12	61667023	61759245	1	1
CNVR_131	12	70488515	70618867	6	6
CNVR_132	12	70816749	72117025	14	14
CNVR_133	12	72419043	76870470	89	77
CNVR_134	12	82137254	82229884	7	7
CNVR_135	12	83266140	85453952	2	2
CNVR_136	13	1342729	1425986	1	1
CNVR_137	13	12543348	12808180	1	1
CNVR_138	13	41643163	41678593	1	1
CNVR_139	13	43643509	43771619	11	11
CNVR_140	13	53838879	53862891	1	1
CNVR_141	13	53915515	54076116	6	6
CNVR_142	13	58163971	58253335	1	1
CNVR_143	14	19993440	20421717	5	5
CNVR_144	14	77329830	77442081	2	2
CNVR_145	14	78336871	78386690	5	5
CNVR_146	14	84606028	84628243	1	1
CNVR_147	15	74750	1295957	1	1
CNVR_148	15	2130402	4293948	6	6
CNVR_149	15	12689785	12751702	1	1
CNVR_150	15	18569217	18664416	1	1
CNVR_151	15	46539222	46975690	2	2
CNVR_152	15	47873132	48075574	10	10
CNVR_153	15	55459883	55502718	1	1
CNVR_154	15	68021790	68058858	1	1
CNVR_155	15	68387254	73255004	1	1
CNVR_156	15	80329011	80935724	32	32
CNVR_157	16	5584314	6125517	4	4
CNVR_158	16	6208012	6272908	3	3
CNVR_159	16	10859069	10958964	1	1
CNVR_160	16	12465527	12508155	3	3
CNVR_161	16	15126214	15293292	43	43
CNVR_162	16	47971231	48088496	3	3
CNVR_163	16	61932640	62244131	18	18
CNVR_164	17	727200	2748831	1	1
CNVR_165	17	22285150	22378265	1	1
CNVR_166	17	25010293	25167004	3	3
CNVR_167	17	27303135	27484341	2	2
CNVR_168	17	30640617	34057200	2	2
CNVR_169	17	42422307	42685587	2	2
CNVR_170	17	47608485	47667026	1	1
CNVR_171	17	50685977	51000846	2	2
CNVR_172	17	74723634	74925889	2	2
CNVR_173	18	2815483	2864232	1	1
CNVR_174	18	27870868	28375091	2	2
CNVR_175	18	38815705	38883296	1	1
CNVR_176	18	61644854	61929947	17	17
CNVR_177	18	63896972	63931097	1	1
CNVR_178	19	7762820	7902781	4	4
CNVR_179	19	14579657	14606603	1	1
CNVR_180	19	27576066	28031919	2	2
CNVR_181	19	51478494	51538272	1	1
CNVR_182	19	52740740	52872517	2	2
CNVR_183	19	55101341	55191677	1	1
CNVR_14	2	7457310	8521798	9	9
CNVR_15	2	9890166	13411225	12	12
CNVR_16	2	13597108	13668484	1	1
CNVR_17	2	27366556	28035273	21	21
CNVR_18	2	28246133	29839570	1	1
CNVR_19	2	55325381	58384394	2	2
CNVR_20	2	63897151	64043648	9	9
CNVR_21	2	64218639	64784574	1	1
CNVR_22	2	66696730	69527656	2	2
CNVR_23	2	74228539	78942271	4	4
CNVR_24	2	81336425	84170290	1	1
CNVR_184	20	1086515	1196509	5	5
CNVR_185	20	9813884	9890424	1	1
CNVR_186	20	10253023	10424451	1	1
CNVR_187	20	22960402	23017834	1	1
CNVR_188	20	29717135	29785475	1	1
CNVR_189	20	46028649	46091593	2	2
CNVR_190	20	53346454	53410194	1	1
CNVR_191	20	60147560	61455283	2	2
CNVR_192	20	68499446	68547457	1	1
CNVR_193	21	13657850	13715904	2	2
CNVR_194	21	20063553	20259891	17	17
CNVR_195	21	29654748	29762241	1	1
CNVR_196	21	37941393	37993399	1	1
CNVR_197	21	52273180	52364049	6	6
CNVR_198	21	52771584	53285393	1	1
CNVR_199	21	54181213	54276389	4	4
CNVR_200	22	9165638	9458557	1	1
CNVR_201	22	34096831	34168563	1	1
CNVR_202	22	43894412	44172715	2	2
CNVR_203	22	57444701	57486105	1	1
CNVR_204	23	15894	1775946	1	1
CNVR_205	23	24580918	24671650	2	2
CNVR_206	23	25222914	25978647	1	1
CNVR_207	23	26255454	26314846	18	18
CNVR_208	23	27286587	27903991	3	3
CNVR_209	23	28970578	29126339	4	4
CNVR_210	23	31338261	31707092	1	1
CNVR_211	24	13255894	13331435	7	7
CNVR_212	24	13564505	13604334	1	1
CNVR_213	24	17315979	17382473	2	2
CNVR_214	24	26382635	29490959	4	4
CNVR_215	24	52356772	52388202	2	2
CNVR_216	24	60441853	60476719	1	1
CNVR_217	25	853665	1771425	1	1
CNVR_218	25	9621091	9690819	2	2
CNVR_219	25	10131703	10160301	1	1
CNVR_220	25	42006514	42115088	1	1
CNVR_221	26	3010798	3087092	2	2
CNVR_222	26	12364119	12500044	1	1
CNVR_223	26	21708133	21787462	2	2
CNVR_224	26	23363852	23420638	1	1
CNVR_225	26	25719640	25757447	7	7
CNVR_226	26	27974246	28056789	3	3
CNVR_227	26	51200330	51267717	1	1
CNVR_228	27	2168531	2287885	5	5
CNVR_229	27	6922514	6990804	1	1
CNVR_230	27	8160092	12430054	2	2
CNVR_231	27	15447004	18226356	1	1
CNVR_232	27	19272412	22448445	1	1
CNVR_233	27	29739347	29871854	1	1
CNVR_234	27	45113851	45153084	1	1
CNVR_235	28	2313753	2869287	139	133
CNVR_236	28	8022387	8200649	1	1
CNVR_237	28	9886410	12593367	1	1
CNVR_238	28	20332119	24211870	2	2
CNVR_239	28	24578469	24611840	1	1
CNVR_240	28	36183465	36263181	1	1
CNVR_241	29	3245223	3316585	1	1
CNVR_242	29	13028703	15774315	2	2
CNVR_243	29	19200818	22047517	6	6
CNVR_244	29	36544016	36573929	1	1
CNVR_245	29	38767346	39842168	1	1
CNVR_246	29	47572920	47668622	2	2
CNVR_25	3	11012679	11063503	1	1
CNVR_26	3	37172756	41992103	1	1
CNVR_27	3	54555541	55074485	24	24
CNVR_28	3	67440250	67474440	1	1
CNVR_29	3	69596912	74348506	2	2
CNVR_30	4	17112	4258236	4	4
CNVR_31	4	6223614	6425277	36	36
CNVR_32	4	15849767	16918197	2	2
CNVR_33	4	17858900	18815510	2	2
CNVR_34	4	22646006	22745371	1	1
CNVR_35	4	45664659	45743508	1	1
CNVR_36	4	58591926	59647887	1	1
CNVR_37	4	59813010	59953839	1	1
CNVR_38	4	65259787	65291207	1	1
CNVR_39	4	66482908	67007235	26	26
CNVR_40	4	72358306	72561411	5	5
CNVR_41	4	73676903	73758088	2	2
CNVR_42	4	83708251	85983005	3	3
CNVR_43	4	106018897	106193024	1	1
CNVR_44	4	113657341	113889320	3	3
CNVR_45	5	7674802	9143490	2	2
CNVR_46	5	27214378	27287454	1	1
CNVR_47	5	37590024	37643766	1	1
CNVR_48	5	41565285	41606346	2	2
CNVR_49	5	42179749	42241538	4	4
CNVR_50	5	50669547	50719772	1	1
CNVR_51	5	51636267	55590501	7	7
CNVR_52	5	58003271	60244864	3	3
CNVR_53	5	89545151	93920010	2	2
CNVR_54	5	119308044	119348174	11	11
CNVR_55	5	119729902	119761233	1	1
CNVR_56	5	119910992	119969515	1	1
CNVR_57	5	120295070	120340833	1	1
CNVR_58	6	1054786	1093395	1	1
CNVR_59	6	8617907	11875487	2	2
CNVR_60	6	12296402	12391211	2	2
CNVR_61	6	32408331	34959851	1	1
CNVR_62	6	35648890	35710334	1	1
CNVR_63	6	37885679	37894102	3	3
CNVR_64	6	37962382	37976610	1	1
CNVR_65	6	39259257	39300440	1	1
CNVR_66	6	39482266	39486775	1	1
CNVR_67	6	48578627	51492985	1	1
CNVR_68	6	53581208	53787963	1	1
CNVR_69	6	63402550	67423466	1	1
CNVR_70	6	85954909	86207116	53	53
CNVR_71	6	91636147	91660390	1	1
CNVR_72	6	96654485	97475077	1	1
CNVR_73	6	104320493	104423445	1	1
CNVR_74	7	169828	233662	25	25
CNVR_75	7	9434503	11402583	42	34
CNVR_76	7	15612804	15734286	1	1
CNVR_77	7	22890277	23166779	1	1
CNVR_78	7	23868219	24693994	1	1
CNVR_79	7	28542358	28657444	1	1
CNVR_80	7	29560140	29642778	1	1
CNVR_81	7	33119399	35366992	6	6
CNVR_82	7	41466011	41525995	1	1
CNVR_83	7	66064958	66112882	2	2
CNVR_84	7	70621019	70822690	2	2
CNVR_85	7	77854696	82546140	2	2
CNVR_86	7	86053351	88572978	10	10
CNVR_87	7	93224876	93254737	1	1
CNVR_88	7	93522200	95027313	1	1
CNVR_89	7	105279874	109027529	3	3
CNVR_90	7	112516157	112610067	2	2
CNVR_91	8	1873738	4988343	2	2
CNVR_92	8	17466905	21695762	1	1
CNVR_93	8	43628838	43816192	1	1
CNVR_94	8	70894442	71263375	1	1
CNVR_95	8	83190665	83273697	46	46
CNVR_96	8	93276825	95307289	2	2
CNVR_97	8	95829528	96156374	5	5
CNVR_98	9	2738997	2934964	5	5
CNVR_99	9	4906838	4966893	1	1
CNVR_100	9	12860193	12946867	5	5
CNVR_101	9	15916463	18416803	1	1
CNVR_102	9	30939888	30966432	2	2
CNVR_103	9	35343932	36391522	2	2
CNVR_104	9	36407736	36503439	1	1
CNVR_105	9	46200108	46282758	1	1
CNVR_106	9	47208243	48175366	1	1
CNVR_107	9	79155179	80528413	1	1
CNVR_108	9	85809578	85927793	1	1
CNVR_109	9	90547503	90600872	1	1
CNVR_110	9	95941344	95976235	4	4
