CNVR_ID	Chr	Start	End	Frequency	n_Sample	0	1	3	4	Type	Length
CNVR_1	1	1556392	1761967	7	7		6	1		Mixed	205576
CNVR_2	1	1984725	2024917	5	5			5		Gain	40193
CNVR_3	1	5321320	5372683	1	1		1			Loss	51364
CNVR_4	1	5519231	5569070	1	1		1			Loss	49840
CNVR_5	1	6813154	6910759	4	4		4			Loss	97606
CNVR_6	1	7159731	7202401	1	1			1		Gain	42671
CNVR_7	1	7260253	7280774	1	1			1		Gain	20522
CNVR_8	1	8831407	8873776	2	2		2			Loss	42370
CNVR_9	1	9666125	9708099	1	1			1		Gain	41975
CNVR_10	1	10954721	11033253	1	1		1			Loss	78533
CNVR_11	1	11541372	11604750	2	2		2			Loss	63379
CNVR_12	1	12453794	13395358	4	4		1	2	1	Mixed	941565
CNVR_13	1	13643769	13735139	1	1		1			Loss	91371
CNVR_14	1	14064963	15727563	24	22		13	10	1	Mixed	1662601
CNVR_15	1	15990556	16114873	2	2		2			Loss	124318
CNVR_16	1	16378859	18309665	65	48	1	34	27	3	Mixed	1930807
CNVR_17	1	18918611	19206010	2	2		2			Loss	287400
CNVR_18	1	20541415	20566611	1	1		1			Loss	25197
CNVR_19	1	23172053	25019922	8	8		3	5		Mixed	1847870
CNVR_20	1	25470169	25495578	1	1		1			Loss	25410
CNVR_21	1	26533913	27099907	5	5		1	3	1	Mixed	565995
CNVR_22	1	27876441	28272873	3	3		3			Loss	396433
CNVR_23	1	29712048	29773499	1	1		1			Loss	61452
CNVR_24	1	30472317	32511532	35	29		20	13	2	Mixed	2039216
CNVR_25	1	33034361	33342088	1	1			1		Gain	307728
CNVR_26	1	33584316	33610831	3	3		2	1		Mixed	26516
CNVR_27	1	38112817	38181686	12	12		12			Loss	68870
CNVR_28	1	38752163	40795725	38	34		20	17	1	Mixed	2043563
CNVR_29	1	41184151	41455680	2	2			2		Gain	271530
CNVR_30	1	42466675	42574052	2	2		2			Loss	107378
CNVR_31	1	42665290	42692592	1	1		1			Loss	27303
CNVR_32	1	44571298	44649313	3	3		1	2		Mixed	78016
CNVR_33	1	45090218	45146168	1	1			1		Gain	55951
CNVR_34	1	46884964	46963727	1	1		1			Loss	78764
CNVR_35	1	47249572	49067075	14	13	1	9	4		Mixed	1817504
CNVR_36	1	49952651	50064432	2	2		1	1		Mixed	111782
CNVR_37	1	50767507	50809694	1	1		1			Loss	42188
CNVR_38	1	54797676	55040423	3	3		1	2		Mixed	242748
CNVR_39	1	65615459	65778705	1	1			1		Gain	163247
CNVR_40	1	70145874	70404106	2	2		2			Loss	258233
CNVR_41	1	70995564	71042439	1	1			1		Gain	46876
CNVR_42	1	71238937	71380741	3	3		3			Loss	141805
CNVR_43	1	75707006	75732698	1	1		1			Loss	25693
CNVR_44	1	81343507	81416748	7	7			7		Gain	73242
CNVR_45	1	83707085	83810343	6	6		6			Loss	103259
CNVR_46	1	84064869	84176862	3	3		2	1		Mixed	111994
CNVR_47	1	88063961	88278205	2	2			2		Gain	214245
CNVR_48	1	90705336	90742154	1	1		1			Loss	36819
CNVR_49	1	90828316	93051564	26	26		21	5		Mixed	2223249
CNVR_50	1	94706023	94804961	2	2		2			Loss	98939
CNVR_51	1	100412522	105472672	38	28		16	18	4	Mixed	5060151
CNVR_52	1	113427015	113486828	1	1		1			Loss	59814
CNVR_53	1	120398043	120455085	1	1		1			Loss	57043
CNVR_54	1	121001134	121382033	3	3		2	1		Mixed	380900
CNVR_55	1	122876909	123779281	19	19		6	10	3	Mixed	902373
CNVR_56	1	143676439	143747418	1	1		1			Loss	70980
CNVR_57	1	143781586	143851649	1	1			1		Gain	70064
CNVR_58	1	154034461	154064579	2	2			2		Gain	30119
CNVR_59	1	154336232	154445682	3	3		3			Loss	109451
CNVR_60	1	157003140	157019589	1	1			1		Gain	16450
CNVR_61	1	157665979	157775990	19	18		2	17		Mixed	110012
CNVR_62	1	157905244	157913264	1	1		1			Loss	8021
CNVR_419	10	110950	164069	1	1			1		Gain	53120
CNVR_420	10	545401	561907	1	1		1			Loss	16507
CNVR_421	10	1860161	1936953	1	1		1			Loss	76793
CNVR_422	10	2377878	2387809	3	3	1	2			Loss	9932
CNVR_423	10	6846956	6989555	1	1		1			Loss	142600
CNVR_424	10	9143166	9354675	1	1		1			Loss	211510
CNVR_425	10	11354552	11544918	3	3		3			Loss	190367
CNVR_426	10	14157673	14228843	1	1			1		Gain	71171
CNVR_427	10	19755228	19797770	1	1			1		Gain	42543
CNVR_428	10	20370455	20429404	2	2		2			Loss	58950
CNVR_429	10	21794678	21979394	4	4			4		Gain	184717
CNVR_430	10	22364061	22408227	1	1			1		Gain	44167
CNVR_431	10	22796412	23703141	25	23	1	13	11		Mixed	906730
CNVR_432	10	24904079	25349755	6	6		2	4		Mixed	445677
CNVR_433	10	27289923	27320537	1	1			1		Gain	30615
CNVR_434	10	36538466	36803995	1	1		1			Loss	265530
CNVR_435	10	39715696	40046559	2	2			2		Gain	330864
CNVR_436	10	40300919	40593217	4	4		1	3		Mixed	292299
CNVR_437	10	41412968	41462308	1	1		1			Loss	49341
CNVR_438	10	41667967	41725845	2	2		2			Loss	57879
CNVR_439	10	42661079	42860796	2	2		1	1		Mixed	199718
CNVR_440	10	46609304	46637787	1	1			1		Gain	28484
CNVR_441	10	53652144	53735797	1	1	1				Loss	83654
CNVR_442	10	55628092	55693450	3	3		3			Loss	65359
CNVR_443	10	55907151	55929569	2	2		2			Loss	22419
CNVR_444	10	56438401	56474712	1	1		1			Loss	36312
CNVR_445	10	70013138	70033332	1	1			1		Gain	20195
CNVR_446	10	74528909	74555038	3	3		3			Loss	26130
CNVR_447	10	85258477	85290340	1	1		1			Loss	31864
CNVR_448	10	91944026	92089797	1	1		1			Loss	145772
CNVR_449	10	94536813	96569247	2	2			2		Gain	2032435
CNVR_450	10	98151248	98561555	2	2			2		Gain	410308
CNVR_451	10	100656201	100706066	4	4			4		Gain	49866
CNVR_452	10	101862010	101896434	1	1			1		Gain	34425
CNVR_453	10	103030307	103146542	2	2			2		Gain	116236
CNVR_454	11	2277342	2403508	2	2		1	1		Mixed	126167
CNVR_455	11	4195587	4256064	3	3		2	1		Mixed	60478
CNVR_456	11	4969068	5042355	1	1		1			Loss	73288
CNVR_457	11	10942888	11054313	1	1		1			Loss	111426
CNVR_458	11	14734237	15096210	1	1		1			Loss	361974
CNVR_459	11	16494277	16538904	1	1			1		Gain	44628
CNVR_460	11	16928153	17005906	2	2		1	1		Mixed	77754
CNVR_461	11	17249565	18200634	5	4			4	1	Gain	951070
CNVR_462	11	20285444	20327920	5	5		3	2		Mixed	42477
CNVR_463	11	24474675	24506755	1	1			1		Gain	32081
CNVR_464	11	26600136	26633514	1	1			1		Gain	33379
CNVR_465	11	30638168	30723344	1	1		1			Loss	85177
CNVR_466	11	32116162	32193449	1	1		1			Loss	77288
CNVR_467	11	33315726	35001337	4	4		2	1	1	Mixed	1685612
CNVR_468	11	40026791	40064479	2	2			2		Gain	37689
CNVR_469	11	41017384	41067983	2	2		2			Loss	50600
CNVR_470	11	48183021	48437732	1	1		1			Loss	254712
CNVR_471	11	51936197	54294891	11	9		2	8	1	Mixed	2358695
CNVR_472	11	56567317	59078754	48	41	2	24	20	2	Mixed	2511438
CNVR_473	11	62354153	62437950	2	2			2		Gain	83798
CNVR_474	11	73302300	73478626	3	3		3			Loss	176327
CNVR_475	11	84158376	84590126	1	1			1		Gain	431751
CNVR_476	11	86989572	87117767	1	1		1			Loss	128196
CNVR_477	11	95243657	95285863	1	1		1			Loss	42207
CNVR_478	11	98581543	98732077	2	2			2		Gain	150535
CNVR_479	11	99160662	99643308	2	2			2		Gain	482647
CNVR_480	11	101427888	101475871	3	3		3			Loss	47984
CNVR_481	11	102703502	102752125	1	1		1			Loss	48624
CNVR_482	11	103152822	103304846	5	5		2	3		Mixed	152025
CNVR_483	11	103562010	104313142	4	4		1	3		Mixed	751133
CNVR_484	11	105018259	105215563	6	6		2	3	1	Mixed	197305
CNVR_485	11	105606521	105681876	1	1		1			Loss	75356
CNVR_486	11	105779716	106470561	16	15		6	8	2	Mixed	690846
CNVR_487	12	470946	1048567	7	7		3	4		Mixed	577622
CNVR_488	12	1248895	1294811	1	1		1			Loss	45917
CNVR_489	12	4163552	4630861	2	2		1	1		Mixed	467310
CNVR_490	12	5755815	6169595	2	2		1	1		Mixed	413781
CNVR_491	12	6397732	7132249	3	3		2	1		Mixed	734518
CNVR_492	12	7284906	8559192	21	20		13	6	2	Mixed	1274287
CNVR_493	12	8944702	9035851	5	5		5			Loss	91150
CNVR_494	12	10005671	10117392	4	4		4			Loss	111722
CNVR_495	12	16141245	16171675	1	1			1		Gain	30431
CNVR_496	12	18018856	18038076	1	1			1		Gain	19221
CNVR_497	12	18394407	18543051	2	2			2		Gain	148645
CNVR_498	12	18874232	18999163	1	1			1		Gain	124932
CNVR_499	12	31868243	31966327	1	1		1			Loss	98085
CNVR_500	12	37100216	39080494	10	8		1	8	1	Mixed	1980279
CNVR_501	12	40470693	43792716	52	41		20	30	2	Mixed	3322024
CNVR_502	12	44352494	45735853	22	17		15	6	1	Mixed	1383360
CNVR_503	12	46994803	47037820	1	1			1		Gain	43018
CNVR_504	12	47592530	47610161	1	1		1			Loss	17632
CNVR_505	12	48651266	48790568	3	3		2	1		Mixed	139303
CNVR_506	12	49013694	49055838	1	1		1			Loss	42145
CNVR_507	12	50082367	50104867	1	1		1			Loss	22501
CNVR_508	12	51382264	51412073	1	1		1			Loss	29810
CNVR_509	12	53009661	53089349	1	1		1			Loss	79689
CNVR_510	12	55183342	55241442	1	1		1			Loss	58101
CNVR_511	12	55564831	56239172	5	5		5			Loss	674342
CNVR_512	12	56513728	64796304	182	111	1	93	84	4	Mixed	8282577
CNVR_513	12	69804346	70777223	87	79	6	49	32		Mixed	972878
CNVR_514	12	71134701	71508007	51	51			51		Gain	373307
CNVR_515	12	71657701	71687047	1	1			1		Gain	29347
CNVR_516	12	71820369	71950268	26	25	1	25			Loss	129900
CNVR_517	12	72838319	72907153	3	3			3		Gain	68835
CNVR_518	12	78163435	78251127	21	21	7	14			Loss	87693
CNVR_519	12	80033051	81161931	2	2		1	1		Mixed	1128881
CNVR_520	12	85225566	85267889	2	2			2		Gain	42324
CNVR_521	13	10349341	10395756	5	5			5		Gain	46416
CNVR_522	13	12280490	12378558	3	3		1	2		Mixed	98069
CNVR_523	13	12520034	12748454	2	2			2		Gain	228421
CNVR_524	13	14263653	14390500	1	1		1			Loss	126848
CNVR_525	13	17800892	17909299	3	3		2	1		Mixed	108408
CNVR_526	13	19947737	20267627	9	9		7	1	1	Mixed	319891
CNVR_527	13	21473454	21572022	4	4		4			Loss	98569
CNVR_528	13	24397516	24515029	1	1		1			Loss	117514
CNVR_529	13	25678465	25886779	4	4		4			Loss	208315
CNVR_530	13	27414386	27437406	1	1		1			Loss	23021
CNVR_531	13	27496035	27584525	2	2		2			Loss	88491
CNVR_532	13	30853645	30915836	1	1		1			Loss	62192
CNVR_533	13	32220177	32258616	1	1		1			Loss	38440
CNVR_534	13	33798170	33834273	1	1		1			Loss	36104
CNVR_535	13	35161502	35311031	1	1		1			Loss	149530
CNVR_536	13	40624961	40688852	2	2		2			Loss	63892
CNVR_537	13	41311826	41326933	9	9		3	6		Mixed	15108
CNVR_538	13	42741708	42790006	1	1			1		Gain	48299
CNVR_539	13	43322783	43433183	34	34			34		Gain	110401
CNVR_540	13	46435930	46522912	1	1		1			Loss	86983
CNVR_541	13	49944672	50150513	1	1		1			Loss	205842
CNVR_542	13	53461848	53510732	1	1		1			Loss	48885
CNVR_543	13	53822879	54521999	10	10		5	5		Mixed	699121
CNVR_544	13	54544791	54766702	1	1		1			Loss	221912
CNVR_545	13	57367650	57558958	2	2		1	1		Mixed	191309
CNVR_546	13	58932344	58979512	1	1		1			Loss	47169
CNVR_547	13	59046924	59102429	1	1			1		Gain	55506
CNVR_548	13	61361508	61444179	1	1		1			Loss	82672
CNVR_549	13	66020536	66085526	3	3		2	1		Mixed	64991
CNVR_550	13	66830214	66869864	1	1			1		Gain	39651
CNVR_551	13	72099160	72219113	1	1		1			Loss	119954
CNVR_552	13	73230829	73287734	1	1			1		Gain	56906
CNVR_553	13	77510452	77554162	1	1			1		Gain	43711
CNVR_554	13	79039074	79056428	1	1			1		Gain	17355
CNVR_555	13	79264901	79330804	1	1		1			Loss	65904
CNVR_556	14	330256	1142313	19	18		9	10		Mixed	812058
CNVR_557	14	2020777	2282659	3	3		2	1		Mixed	261883
CNVR_558	14	2776706	2826610	1	1			1		Gain	49905
CNVR_559	14	2966732	3015800	1	1		1			Loss	49069
CNVR_560	14	18391223	18812033	6	6			6		Gain	420811
CNVR_561	14	21980847	22030348	4	4			4		Gain	49502
CNVR_562	14	25111427	25127840	1	1		1			Loss	16414
CNVR_563	14	25691348	25780871	2	2			2		Gain	89524
CNVR_564	14	28758622	28782311	1	1		1			Loss	23690
CNVR_565	14	32518018	32967563	1	1			1		Gain	449546
CNVR_566	14	37997133	38016291	1	1		1			Loss	19159
CNVR_567	14	38915527	39640409	7	7		4	3		Mixed	724883
CNVR_568	14	40368787	41298034	18	18		3	14	1	Mixed	929248
CNVR_569	14	48848971	48927474	2	2		2			Loss	78504
CNVR_570	14	49039384	49070135	1	1		1			Loss	30752
CNVR_571	14	49344976	49618154	2	2			2		Gain	273179
CNVR_572	14	49855743	50217869	11	11			9	2	Gain	362127
CNVR_573	14	50591566	54441985	64	41		25	36	3	Mixed	3850420
CNVR_574	14	58056243	58089515	1	1			1		Gain	33273
CNVR_575	14	58583879	58967220	1	1		1			Loss	383342
CNVR_576	14	64205475	64235532	2	2			2		Gain	30058
CNVR_577	14	74785667	75229968	2	2			2		Gain	444302
CNVR_578	14	75956030	76005515	31	31	5	26			Loss	49486
CNVR_579	14	76800429	76937650	3	3		2	1		Mixed	137222
CNVR_580	14	77851028	78235444	4	4		1	3		Mixed	384417
CNVR_581	14	78482589	78508738	1	1			1		Gain	26150
CNVR_582	14	78537297	79512729	16	15		5	10	1	Mixed	975433
CNVR_583	14	79971404	80090753	6	6		1	4	1	Mixed	119350
CNVR_584	14	80520573	80559335	1	1		1			Loss	38763
CNVR_585	14	81274613	81441475	1	1		1			Loss	166863
CNVR_586	14	82213343	82247268	1	1			1		Gain	33926
CNVR_587	15	221717	948060	3	3		2	1		Mixed	726344
CNVR_588	15	2206128	3217541	18	18		5	13		Mixed	1011414
CNVR_589	15	6287730	6431790	3	3		1	2		Mixed	144061
CNVR_590	15	9385293	12984746	42	30		20	20	2	Mixed	3599454
CNVR_591	15	20276441	20424163	3	3		3			Loss	147723
CNVR_592	15	29345173	29458564	1	1			1		Gain	113392
CNVR_593	15	44643305	44671060	1	1			1		Gain	27756
CNVR_594	15	44878753	44939293	1	1		1			Loss	60541
CNVR_595	15	45854304	45902669	1	1			1		Gain	48366
CNVR_596	15	46190128	46354274	2	2			2		Gain	164147
CNVR_597	15	47280462	47377734	15	15			15		Gain	97273
CNVR_598	15	47438725	47588875	2	2		1	1		Mixed	150151
CNVR_599	15	48371261	48467282	1	1		1			Loss	96022
CNVR_600	15	49043365	49104529	3	3			3		Gain	61165
CNVR_601	15	49593727	49642755	2	2			2		Gain	49029
CNVR_602	15	51514220	51644699	1	1		1			Loss	130480
CNVR_603	15	52066742	52119162	1	1		1			Loss	52421
CNVR_604	15	53177461	53218885	1	1		1			Loss	41425
CNVR_605	15	55766312	55955167	2	2		2			Loss	188856
CNVR_606	15	56836949	56947464	4	4		4			Loss	110516
CNVR_607	15	61839149	61855683	1	1			1		Gain	16535
CNVR_608	15	62313688	62551885	2	2		2			Loss	238198
CNVR_609	15	68244402	68313620	1	1			1		Gain	69219
CNVR_610	15	69016162	69064737	1	1			1		Gain	48576
CNVR_611	15	69398047	70655610	19	16		10	7	2	Mixed	1257564
CNVR_612	15	70850652	70873712	1	1			1		Gain	23061
CNVR_613	15	71627906	71688173	1	1			1		Gain	60268
CNVR_614	15	73590486	73647677	1	1		1			Loss	57192
CNVR_615	15	78804694	79611716	90	82	3	36	50	1	Mixed	807023
CNVR_616	15	79721442	79806748	5	5		4	1		Mixed	85307
CNVR_617	15	82499664	82572418	2	2		1	1		Mixed	72755
CNVR_618	15	84028735	84813274	8	8		5	3		Mixed	784540
CNVR_619	16	426184	439344	1	1			1		Gain	13161
CNVR_620	16	2479378	2492793	1	1			1		Gain	13416
CNVR_621	16	2782380	2859818	1	1		1			Loss	77439
CNVR_622	16	5680582	6196805	19	19	1	12	6		Mixed	516224
CNVR_623	16	6614897	6719503	1	1		1			Loss	104607
CNVR_624	16	7499105	7869522	9	9		3	5	1	Mixed	370418
CNVR_625	16	8647121	10168137	12	11		9	2	1	Mixed	1521017
CNVR_626	16	10254850	10354010	1	1		1			Loss	99161
CNVR_627	16	13872867	15634358	69	58	30	20	18	1	Mixed	1761492
CNVR_628	16	16011331	16812729	9	9		5	3	1	Mixed	801399
CNVR_629	16	16970730	18067924	3	3			3		Gain	1097195
CNVR_630	16	24076398	24156316	1	1		1			Loss	79919
CNVR_631	16	25107818	25118197	1	1			1		Gain	10380
CNVR_632	16	26388857	26461264	1	1		1			Loss	72408
CNVR_633	16	27526973	27568525	1	1		1			Loss	41553
CNVR_634	16	28154457	28321010	2	2		2			Loss	166554
CNVR_635	16	30213147	30505468	1	1		1			Loss	292322
CNVR_636	16	32754885	32852344	1	1		1			Loss	97460
CNVR_637	16	33331779	33556407	3	3		3			Loss	224629
CNVR_638	16	49425121	49608429	1	1		1			Loss	183309
CNVR_639	16	50834467	51464253	2	2			2		Gain	629787
CNVR_640	16	56366468	56381192	1	1			1		Gain	14725
CNVR_641	16	57251627	57343354	1	1		1			Loss	91728
CNVR_642	16	59589341	59631972	1	1		1			Loss	42632
CNVR_643	16	60554810	60784885	18	18			18		Gain	230076
CNVR_644	16	62207587	62241544	1	1			1		Gain	33958
CNVR_645	16	69471279	69553620	1	1			1		Gain	82342
CNVR_646	16	76153451	76228029	1	1		1			Loss	74579
CNVR_647	16	76575462	76632577	1	1		1			Loss	57116
CNVR_648	16	77499096	77612188	1	1			1		Gain	113093
CNVR_649	16	80424663	80561730	1	1			1		Gain	137068
CNVR_650	17	1117965	1860165	4	4		1	3		Mixed	742201
CNVR_651	17	6794956	6825613	1	1			1		Gain	30658
CNVR_652	17	6963919	7013884	1	1			1		Gain	49966
CNVR_653	17	11566347	11716513	2	2		2			Loss	150167
CNVR_654	17	20249562	21547898	7	7		5	2		Mixed	1298337
CNVR_655	17	21809621	24980431	60	49		26	32	2	Mixed	3170811
CNVR_656	17	25320212	25730973	4	4		3	1		Mixed	410762
CNVR_657	17	26099078	27068312	18	17	1	10	5	2	Mixed	969235
CNVR_658	17	27176022	27207378	1	1			1		Gain	31357
CNVR_659	17	28254674	28302598	1	1		1			Loss	47925
CNVR_660	17	29524233	29678462	1	1		1			Loss	154230
CNVR_661	17	30703415	32010344	11	11		3	8		Mixed	1306930
CNVR_662	17	34535747	34651540	1	1		1			Loss	115794
CNVR_663	17	35827456	35913934	1	1		1			Loss	86479
CNVR_664	17	36066970	36173746	2	2			2		Gain	106777
CNVR_665	17	36611406	37589530	8	8		2	6		Mixed	978125
CNVR_666	17	38593860	38661101	1	1		1			Loss	67242
CNVR_667	17	39684480	39757165	1	1		1			Loss	72686
CNVR_668	17	41446019	41709619	4	4		4			Loss	263601
CNVR_669	17	52077181	52109735	2	2			2		Gain	32555
CNVR_670	17	52529561	52696346	2	2			2		Gain	166786
CNVR_671	17	52872065	53069851	6	6		6			Loss	197787
CNVR_672	17	57083149	57194642	6	6			5	1	Gain	111494
CNVR_673	17	62132170	62192676	1	1		1			Loss	60507
CNVR_674	17	66213347	66246320	1	1			1		Gain	32974
CNVR_675	17	68015202	68055218	2	2			2		Gain	40017
CNVR_676	17	70683155	70984463	5	5			5		Gain	301309
CNVR_677	17	71266660	71483760	3	3			3		Gain	217101
CNVR_678	17	71709378	71885069	4	4		3	1		Mixed	175692
CNVR_679	17	72089995	72242321	1	1			1		Gain	152327
CNVR_680	17	72387569	72433357	1	1		1			Loss	45789
CNVR_681	17	72483071	73106809	6	6		2	4		Mixed	623739
CNVR_682	18	5512831	5529148	1	1			1		Gain	16318
CNVR_683	18	5549190	5640099	1	1		1			Loss	90910
CNVR_684	18	7691780	7759211	1	1		1			Loss	67432
CNVR_685	18	11195391	11372442	1	1		1			Loss	177052
CNVR_686	18	11582091	11647751	1	1		1			Loss	65661
CNVR_687	18	12377354	12478047	1	1			1		Gain	100694
CNVR_688	18	13303377	13434174	1	1			1		Gain	130798
CNVR_689	18	13706204	13812926	1	1		1			Loss	106723
CNVR_690	18	14389737	14677822	4	4			4		Gain	288086
CNVR_691	18	15143758	15157858	4	4			4		Gain	14101
CNVR_692	18	15578052	15614150	1	1		1			Loss	36099
CNVR_693	18	15714407	15821257	1	1			1		Gain	106851
CNVR_694	18	16771749	16803994	1	1		1			Loss	32246
CNVR_695	18	25825910	25839675	1	1			1		Gain	13766
CNVR_696	18	27440587	27560755	3	3		3			Loss	120169
CNVR_697	18	27726727	27759853	1	1			1		Gain	33127
CNVR_698	18	27873728	28216716	2	2			2		Gain	342989
CNVR_699	18	31931689	32028181	2	2		2			Loss	96493
CNVR_700	18	36646329	36724747	2	2		2			Loss	78419
CNVR_701	18	47977151	47994061	1	1		1			Loss	16911
CNVR_702	18	51750897	51854284	3	3			3		Gain	103388
CNVR_703	18	53012600	53071278	1	1			1		Gain	58679
CNVR_704	18	54514926	54546398	1	1		1			Loss	31473
CNVR_705	18	55056442	55355731	1	1		1			Loss	299290
CNVR_706	18	56066463	56136613	2	2			2		Gain	70151
CNVR_707	18	57057494	57106651	1	1			1		Gain	49158
CNVR_708	18	60876129	60892357	1	1			1		Gain	16229
CNVR_709	18	60943128	60951463	2	2			2		Gain	8336
CNVR_710	18	61155737	61266875	1	1			1		Gain	111139
CNVR_711	18	61872489	62133194	5	5		3	2		Mixed	260706
CNVR_712	18	62154633	62277401	1	1			1		Gain	122769
CNVR_713	18	62793825	62826351	1	1			1		Gain	32527
CNVR_714	18	63175100	63296868	3	3			3		Gain	121769
CNVR_715	18	64353779	64377482	4	4			4		Gain	23704
CNVR_716	18	65603314	65814370	8	8			5	3	Gain	211057
CNVR_717	19	1972870	2013788	1	1		1			Loss	40919
CNVR_718	19	2100207	2485757	1	1			1		Gain	385551
CNVR_719	19	3499286	3596175	7	7		7			Loss	96890
CNVR_720	19	7539293	7633201	10	10		10			Loss	93909
CNVR_721	19	7769154	7822584	1	1			1		Gain	53431
CNVR_722	19	8442255	8551654	1	1		1			Loss	109400
CNVR_723	19	8700583	8817259	1	1			1		Gain	116677
CNVR_724	19	9613564	9753707	8	8			8		Gain	140144
CNVR_725	19	10196976	10227474	1	1			1		Gain	30499
CNVR_726	19	11112419	11346615	1	1		1			Loss	234197
CNVR_727	19	12219365	12274618	1	1			1		Gain	55254
CNVR_728	19	13518465	13564941	1	1		1			Loss	46477
CNVR_729	19	13678370	13749514	1	1		1			Loss	71145
CNVR_730	19	14229394	14309136	3	3			3		Gain	79743
CNVR_731	19	14880730	14910992	1	1			1		Gain	30263
CNVR_732	19	17894199	17935227	1	1		1			Loss	41029
CNVR_733	19	18012136	18118339	1	1			1		Gain	106204
CNVR_734	19	18592714	18694147	1	1		1			Loss	101434
CNVR_735	19	19683065	19727473	1	1		1			Loss	44409
CNVR_736	19	21534263	21556972	1	1			1		Gain	22710
CNVR_737	19	23517073	23564582	3	3		3			Loss	47510
CNVR_738	19	24814686	24870774	1	1		1			Loss	56089
CNVR_739	19	26936476	27421507	10	10		2	8		Mixed	485032
CNVR_740	19	31510882	31638013	1	1		1			Loss	127132
CNVR_741	19	32106657	32263044	1	1		1			Loss	156388
CNVR_742	19	34401871	34652351	5	5	1	3	1		Mixed	250481
CNVR_743	19	38412685	38489966	3	3			3		Gain	77282
CNVR_744	19	41397913	41422493	1	1			1		Gain	24581
CNVR_745	19	44433254	44494104	1	1			1		Gain	60851
CNVR_746	19	44848193	44870438	1	1			1		Gain	22246
CNVR_747	19	46083610	46232626	1	1		1			Loss	149017
CNVR_748	19	47402508	47720046	2	2		2			Loss	317539
CNVR_749	19	49003361	49210454	1	1		1			Loss	207094
CNVR_750	19	50761431	51158110	8	8		3	5		Mixed	396680
CNVR_751	19	51489174	51643975	3	3		3			Loss	154802
CNVR_752	19	52105919	52254545	4	4		2	2		Mixed	148627
CNVR_753	19	53607609	54071105	2	2		2			Loss	463497
CNVR_754	19	54437215	54571657	3	3		1	2		Mixed	134443
CNVR_755	19	54968541	55578623	3	3		1	2		Mixed	610083
CNVR_756	19	55889067	55911397	3	3		3			Loss	22331
CNVR_757	19	56014846	56042014	1	1			1		Gain	27169
CNVR_758	19	56293270	56677337	3	3		1	2		Mixed	384068
CNVR_759	19	61701944	61794220	2	2		1	1		Mixed	92277
CNVR_760	19	61920965	62038956	1	1			1		Gain	117992
CNVR_761	19	62611634	62643241	8	8			8		Gain	31608
CNVR_63	2	204346	288663	1	1		1			Loss	84318
CNVR_64	2	2326560	2458209	5	5		5			Loss	131650
CNVR_65	2	6269501	6322314	1	1		1			Loss	52814
CNVR_66	2	7550253	8355987	3	3		2	1		Mixed	805735
CNVR_67	2	8788884	9443359	20	18		17	3		Mixed	654476
CNVR_68	2	9813911	13056656	26	21		15	10	1	Mixed	3242746
CNVR_69	2	13522631	13637158	3	3		1	2		Mixed	114528
CNVR_70	2	19191623	19230960	1	1			1		Gain	39338
CNVR_71	2	19365290	19425494	1	1		1			Loss	60205
CNVR_72	2	24673731	24815717	2	2		2			Loss	141987
CNVR_73	2	25395889	25456418	2	2	1	1			Loss	60530
CNVR_74	2	26314361	26356161	12	12		10	2		Mixed	41801
CNVR_75	2	27318294	27979992	25	24		1	24		Mixed	661699
CNVR_76	2	29677272	29717162	1	1		1			Loss	39891
CNVR_77	2	31883917	32450315	1	1			1		Gain	566399
CNVR_78	2	33024101	33371557	4	4		3		1	Mixed	347457
CNVR_79	2	34207757	34251649	1	1		1			Loss	43893
CNVR_80	2	34552816	34703310	7	7		7			Loss	150495
CNVR_81	2	35769270	35793441	3	3		3			Loss	24172
CNVR_82	2	36335995	36379882	4	4			4		Gain	43888
CNVR_83	2	40036763	40178965	1	1		1			Loss	142203
CNVR_84	2	40567748	40888086	3	3		1	2		Mixed	320339
CNVR_85	2	40946462	41235220	2	2			2		Gain	288759
CNVR_86	2	41646651	42342093	9	8		3	3	3	Mixed	695443
CNVR_87	2	45279148	45336061	1	1			1		Gain	56914
CNVR_88	2	48014334	48055631	1	1		1			Loss	41298
CNVR_89	2	53138918	53401974	1	1		1			Loss	263057
CNVR_90	2	54271830	54400029	2	2		2			Loss	128200
CNVR_91	2	55350431	57057615	20	18		12	5	3	Mixed	1707185
CNVR_92	2	57247941	57312184	3	3		3			Loss	64244
CNVR_93	2	63565463	63711962	41	41			41		Gain	146500
CNVR_94	2	63910767	64472720	1	1		1			Loss	561954
CNVR_95	2	66748754	66815647	1	1		1			Loss	66894
CNVR_96	2	67310989	67615665	1	1			1		Gain	304677
CNVR_97	2	67837589	68447622	11	11		7	3	1	Mixed	610034
CNVR_98	2	77033487	78401150	12	11		5	6	1	Mixed	1367664
CNVR_99	2	80924332	83267596	19	15		8	8	3	Mixed	2343265
CNVR_100	2	96821685	97013750	1	1		1			Loss	192066
CNVR_101	2	98018683	98062823	1	1			1		Gain	44141
CNVR_102	2	99371113	100152972	3	3		1	1	1	Mixed	781860
CNVR_103	2	108777666	108816422	1	1			1		Gain	38757
CNVR_104	2	110332803	110471585	1	1		1			Loss	138783
CNVR_105	2	112954557	113155761	1	1		1			Loss	201205
CNVR_106	2	114523616	114535823	6	6		6			Loss	12208
CNVR_107	2	119309298	119361101	5	5		5			Loss	51804
CNVR_108	2	123741216	123802863	13	13		13			Loss	61648
CNVR_109	2	126955290	126976378	1	1			1		Gain	21089
CNVR_110	2	129061339	129121125	2	2			2		Gain	59787
CNVR_111	2	129781417	129915969	1	1		1			Loss	134553
CNVR_112	2	134437290	134476837	1	1			1		Gain	39548
CNVR_113	2	135880908	136019931	1	1		1			Loss	139024
CNVR_762	20	1197732	1307811	8	8			8		Gain	110080
CNVR_763	20	1827719	1873819	1	1		1			Loss	46101
CNVR_764	20	2818977	2990892	7	7	1	2	4		Mixed	171916
CNVR_765	20	4428374	4487971	2	2		2			Loss	59598
CNVR_766	20	6468913	6586964	1	1		1			Loss	118052
CNVR_767	20	10391115	10500984	1	1			1		Gain	109870
CNVR_768	20	10783387	10800005	1	1		1			Loss	16619
CNVR_769	20	12111883	12136194	1	1			1		Gain	24312
CNVR_770	20	13653178	13677770	1	1			1		Gain	24593
CNVR_771	20	16904479	16951836	2	2		2			Loss	47358
CNVR_772	20	22272974	22305514	3	3		2	1		Mixed	32541
CNVR_773	20	25456504	25590025	2	2		1	1		Mixed	133522
CNVR_774	20	27901130	27957576	2	2		2			Loss	56447
CNVR_775	20	29337360	29779527	1	1			1		Gain	442168
CNVR_776	20	30279003	30407286	1	1		1			Loss	128284
CNVR_777	20	31870046	31890580	1	1		1			Loss	20535
CNVR_778	20	33614197	33711013	2	2			2		Gain	96817
CNVR_779	20	35259879	35378617	3	3		3			Loss	118739
CNVR_780	20	36817457	37273408	1	1		1			Loss	455952
CNVR_781	20	43046657	49574742	73	47		35	34	4	Mixed	6528086
CNVR_782	20	50292489	50297736	2	2		2			Loss	5248
CNVR_783	20	50660858	51156345	2	2		1	1		Mixed	495488
CNVR_784	20	51533028	52125534	16	15		10	5	1	Mixed	592507
CNVR_785	20	52471085	53881002	10	10		3	7		Mixed	1409918
CNVR_786	20	54078693	54890244	12	11		5	6	1	Mixed	811552
CNVR_787	20	55277748	55466228	1	1			1		Gain	188481
CNVR_788	20	59880963	60078495	5	5		2	3		Mixed	197533
CNVR_789	20	60231705	60569119	3	3		2		1	Mixed	337415
CNVR_790	20	61199492	61310753	7	7		7			Loss	111262
CNVR_791	20	67492982	67545645	1	1			1		Gain	52664
CNVR_792	20	69362976	69379193	1	1		1			Loss	16218
CNVR_793	20	71119829	71348678	11	11		2	9		Mixed	228850
CNVR_794	20	71780573	71835589	1	1			1		Gain	55017
CNVR_795	21	12020836	12247673	3	3		3			Loss	226838
CNVR_796	21	17690394	17706354	1	1			1		Gain	15961
CNVR_797	21	20058560	20080310	1	1			1		Gain	21751
CNVR_798	21	21319480	21433856	1	1		1			Loss	114377
CNVR_799	21	22169066	22243017	1	1			1		Gain	73952
CNVR_800	21	29124387	29231528	1	1			1		Gain	107142
CNVR_801	21	30353565	30380420	1	1		1			Loss	26856
CNVR_802	21	32556363	32646958	2	2		1	1		Mixed	90596
CNVR_803	21	33054329	33122801	3	3		2	1		Mixed	68473
CNVR_804	21	34773019	34852830	1	1			1		Gain	79812
CNVR_805	21	37466037	39181843	10	10		6	2	2	Mixed	1715807
CNVR_806	21	41854733	41936434	1	1		1			Loss	81702
CNVR_807	21	49998177	50032491	1	1		1			Loss	34315
CNVR_808	21	50677925	50717110	7	7		3	4		Mixed	39186
CNVR_809	21	51171940	51536601	1	1			1		Gain	364662
CNVR_810	21	51856354	52012313	7	7		6	1		Mixed	155960
CNVR_811	21	52292038	53394754	11	10		4	6	1	Mixed	1102717
CNVR_812	21	53697731	53723864	1	1		1			Loss	26134
CNVR_813	21	56486641	56528040	1	1			1		Gain	41400
CNVR_814	21	64253259	64685093	1	1		1			Loss	431835
CNVR_815	21	65095142	65245233	1	1				1	Gain	150092
CNVR_816	21	67856653	67938967	1	1		1			Loss	82315
CNVR_817	21	68239476	68254999	1	1			1		Gain	15524
CNVR_818	21	68714240	68840588	3	3			3		Gain	126349
CNVR_819	21	68888641	68914886	1	1			1		Gain	26246
CNVR_820	21	69054783	69081747	1	1			1		Gain	26965
CNVR_821	21	69122111	69808854	23	19	1	8	12	2	Mixed	686744
CNVR_822	22	7051424	7112947	1	1			1		Gain	61524
CNVR_823	22	9129405	9395048	1	1		1			Loss	265644
CNVR_824	22	10839139	10883516	1	1		1			Loss	44378
CNVR_825	22	15744263	15767644	1	1			1		Gain	23382
CNVR_826	22	16209409	16304198	1	1		1			Loss	94790
CNVR_827	22	17610020	17760429	2	2	1	1			Loss	150410
CNVR_828	22	24361162	25370093	5	5		2	3		Mixed	1008932
CNVR_829	22	26662167	26927279	1	1			1		Gain	265113
CNVR_830	22	27739097	27794255	1	1			1		Gain	55159
CNVR_831	22	32483637	32513622	1	1			1		Gain	29986
CNVR_832	22	34408419	34473365	3	3		3			Loss	64947
CNVR_833	22	47893939	48290928	10	10		9	1		Mixed	396990
CNVR_834	22	48907762	49184065	1	1			1		Gain	276304
CNVR_835	22	50610098	50710803	1	1			1		Gain	100706
CNVR_836	22	58715254	58832896	2	2		1	1		Mixed	117643
CNVR_837	22	58943673	59056812	1	1		1			Loss	113140
CNVR_838	22	59243645	59473474	8	8		2	6		Mixed	229830
CNVR_839	22	59789766	59858286	2	2			2		Gain	68521
CNVR_840	22	60021388	60066304	1	1		1			Loss	44917
CNVR_841	23	7287056	7484843	1	1			1		Gain	197788
CNVR_842	23	8567435	8664485	1	1		1			Loss	97051
CNVR_843	23	14835189	14866127	1	1			1		Gain	30939
CNVR_844	23	16521600	16640000	4	4			4		Gain	118401
CNVR_845	23	17541820	17578075	1	1		1			Loss	36256
CNVR_846	23	21508598	21560621	3	3		3			Loss	52024
CNVR_847	23	25560755	25730370	68	68	12	21	34	1	Mixed	169616
CNVR_848	23	26690402	26883703	5	5		3	2		Mixed	193302
CNVR_849	23	27494111	27734916	2	2			2		Gain	240806
CNVR_850	23	27883512	28085043	21	21			21		Gain	201532
CNVR_851	23	28560191	28625152	2	2			2		Gain	64962
CNVR_852	23	29055109	29075438	2	2			2		Gain	20330
CNVR_853	23	29198023	29325564	4	4	1	1	2		Mixed	127542
CNVR_854	23	30735048	30830954	2	2			2		Gain	95907
CNVR_855	23	30946459	30992726	1	1			1		Gain	46268
CNVR_856	23	31580954	31945721	6	6			4	2	Gain	364768
CNVR_857	23	43199690	43271085	6	6		3	3		Mixed	71396
CNVR_858	23	49505022	49512968	1	1			1		Gain	7947
CNVR_859	23	50437086	50536890	3	3		3			Loss	99805
CNVR_860	23	50546856	50644819	1	1			1		Gain	97964
CNVR_861	23	50991491	51009837	1	1			1		Gain	18347
CNVR_862	24	1346177	1458052	1	1		1			Loss	111876
CNVR_863	24	1827128	1921310	1	1		1			Loss	94183
CNVR_864	24	5410837	5475046	1	1		1			Loss	64210
CNVR_865	24	5574669	5797343	3	3		2		1	Mixed	222675
CNVR_866	24	9887108	9920554	2	2			2		Gain	33447
CNVR_867	24	10709058	10979040	1	1			1		Gain	269983
CNVR_868	24	12836496	13028152	1	1			1		Gain	191657
CNVR_869	24	13157934	13218143	1	1		1			Loss	60210
CNVR_870	24	16546106	16592238	6	6		6			Loss	46133
CNVR_871	24	20757957	20803435	1	1		1			Loss	45479
CNVR_872	24	24293597	24332155	2	2		2			Loss	38559
CNVR_873	24	26177501	27839597	78	50	1	39	36	2	Mixed	1662097
CNVR_874	24	38270530	38309166	1	1			1		Gain	38637
CNVR_875	24	41383914	41568029	5	5		5			Loss	184116
CNVR_876	24	42101316	42170842	1	1		1			Loss	69527
CNVR_877	24	43657134	43754506	1	1		1			Loss	97373
CNVR_878	24	49057452	49089270	1	1		1			Loss	31819
CNVR_879	24	50413316	50464102	1	1		1			Loss	50787
CNVR_880	24	59955268	59990135	1	1			1		Gain	34868
CNVR_881	24	61324011	61355584	1	1			1		Gain	31574
CNVR_882	25	481855	630136	2	2			1	1	Gain	148282
CNVR_883	25	854830	1789361	13	11		3	8	2	Mixed	934532
CNVR_884	25	2262072	2450378	7	7		1	4	2	Mixed	188307
CNVR_885	25	9559212	9628737	4	4			4		Gain	69526
CNVR_886	25	10046944	10097205	2	2		2			Loss	50262
CNVR_887	25	13475146	13533742	1	1		1			Loss	58597
CNVR_888	25	16449087	16538323	4	4		3	1		Mixed	89237
CNVR_889	25	20303235	20357561	1	1			1		Gain	54327
CNVR_890	25	26449950	26611224	1	1			1		Gain	161275
CNVR_891	25	26724480	26827136	1	1			1		Gain	102657
CNVR_892	25	33194075	33221773	1	1			1		Gain	27699
CNVR_893	25	33233732	33278159	1	1		1			Loss	44428
CNVR_894	25	33632236	33654364	1	1			1		Gain	22129
CNVR_895	25	35847022	36188699	6	6			6		Gain	341678
CNVR_896	25	38728867	38925016	2	2		1		1	Mixed	196150
CNVR_897	25	39845396	39973088	2	2		2			Loss	127693
CNVR_898	25	40644879	41380662	8	8		3	3	2	Mixed	735784
CNVR_899	25	41416056	41472640	1	1			1		Gain	56585
CNVR_900	25	41532834	41632501	2	2			2		Gain	99668
CNVR_901	25	41670837	41856420	2	2			2		Gain	185584
CNVR_902	26	2142480	2441939	3	3		2	1		Mixed	299460
CNVR_903	26	2838470	5234672	19	15		10	7	2	Mixed	2396203
CNVR_904	26	5749800	6211010	3	3		2	1		Mixed	461211
CNVR_905	26	11301013	11410969	1	1			1		Gain	109957
CNVR_906	26	13723590	13779378	1	1			1		Gain	55789
CNVR_907	26	15995830	16012895	7	7		7			Loss	17066
CNVR_908	26	17667270	17714604	1	1			1		Gain	47335
CNVR_909	26	22144981	22386818	1	1		1			Loss	241838
CNVR_910	26	28385806	28522205	6	6	1	5			Loss	136400
CNVR_911	26	30679250	30703028	1	1		1			Loss	23779
CNVR_912	26	35555953	35700362	3	3			3		Gain	144410
CNVR_913	26	35829748	35904911	1	1			1		Gain	75164
CNVR_914	26	44064972	44181917	1	1		1			Loss	116946
CNVR_915	26	44238502	44349359	1	1			1		Gain	110858
CNVR_916	26	47774305	47896501	4	4		4			Loss	122197
CNVR_917	26	50637350	51091399	20	19		5	14	1	Mixed	454050
CNVR_918	27	9512074	11517392	34	32		20	12	2	Mixed	2005319
CNVR_919	27	11669357	11839242	4	4		2	2		Mixed	169886
CNVR_920	27	18064601	18132035	3	3		3			Loss	67435
CNVR_921	27	18571519	18656167	1	1			1		Gain	84649
CNVR_922	27	21461197	21526564	1	1		1			Loss	65368
CNVR_923	27	22176338	22667876	4	4		1	2	1	Mixed	491539
CNVR_924	27	23072165	23099177	1	1			1		Gain	27013
CNVR_925	27	23542996	23627544	1	1		1			Loss	84549
CNVR_926	27	29858113	29931904	4	4		4			Loss	73792
CNVR_927	27	30105402	30202884	1	1		1			Loss	97483
CNVR_928	27	34335782	34422117	1	1		1			Loss	86336
CNVR_929	27	41219117	41235779	1	1		1			Loss	16663
CNVR_930	27	43859630	43910265	2	2		2			Loss	50636
CNVR_931	27	45338225	45500252	1	1			1		Gain	162028
CNVR_932	28	39225	466053	60	57	16	23	20	1	Mixed	426829
CNVR_933	28	2101546	2141009	1	1		1			Loss	39464
CNVR_934	28	3778869	3789749	2	2			2		Gain	10881
CNVR_935	28	7978983	8010103	2	2		2			Loss	31121
CNVR_936	28	8481056	8554468	1	1		1			Loss	73413
CNVR_937	28	11324654	12105695	8	8		4	4		Mixed	781042
CNVR_938	28	18916753	19430612	1	1		1			Loss	513860
CNVR_939	28	19507984	19563947	5	5		5			Loss	55964
CNVR_940	28	20471303	20699554	1	1		1			Loss	228252
CNVR_941	28	20997159	22372439	11	10		3	8		Mixed	1375281
CNVR_942	28	22771955	22933760	11	11		10	1		Mixed	161806
CNVR_943	28	23532241	23555163	1	1			1		Gain	22923
CNVR_944	28	24001450	24095133	1	1			1		Gain	93684
CNVR_945	28	24427749	24527896	2	2		2			Loss	100148
CNVR_946	28	24865497	25063131	3	3		1	2		Mixed	197635
CNVR_947	28	26913043	26976598	1	1		1			Loss	63556
CNVR_948	28	29088661	29121723	1	1		1			Loss	33063
CNVR_949	28	30188756	30226392	1	1		1			Loss	37637
CNVR_950	28	33646177	33696133	1	1		1			Loss	49957
CNVR_951	28	34488152	34503680	1	1			1		Gain	15529
CNVR_952	28	34851742	34875430	2	2			2		Gain	23689
CNVR_953	28	36360415	36493354	1	1		1			Loss	132940
CNVR_954	28	44038721	44092408	2	2		2			Loss	53688
CNVR_955	28	44584170	44615642	1	1			1		Gain	31473
CNVR_956	29	3967993	4198976	2	2				2	Gain	230984
CNVR_957	29	9400987	9548650	1	1			1		Gain	147664
CNVR_958	29	12454354	12480062	1	1			1		Gain	25709
CNVR_959	29	14313296	14326730	1	1		1			Loss	13435
CNVR_960	29	14348997	14577167	1	1			1		Gain	228171
CNVR_961	29	16816497	16846552	1	1		1			Loss	30056
CNVR_962	29	19680714	19693642	1	1		1			Loss	12929
CNVR_963	29	19784462	20540379	2	2		1	1		Mixed	755918
CNVR_964	29	20916165	21218424	4	4			4		Gain	302260
CNVR_965	29	21353492	21418703	2	2		1	1		Mixed	65212
CNVR_966	29	21701965	21760045	11	11		11			Loss	58081
CNVR_967	29	29740161	29758973	4	4		4			Loss	18813
CNVR_968	29	30869036	30984935	8	8		8			Loss	115900
CNVR_969	29	38641995	38693679	1	1			1		Gain	51685
CNVR_970	29	43880703	43994574	2	2		2			Loss	113872
CNVR_971	29	44622391	44657065	1	1			1		Gain	34675
CNVR_972	29	45085715	45486731	6	6		2	4		Mixed	401017
CNVR_973	29	46047863	46178866	7	7			7		Gain	131004
CNVR_974	29	46274295	46444119	2	2		2			Loss	169825
CNVR_975	29	48495358	48602322	1	1		1			Loss	106965
CNVR_976	29	49963358	50067482	1	1		1			Loss	104125
CNVR_977	29	50198235	50224722	4	4		4			Loss	26488
CNVR_978	29	50494950	50640393	5	5				5	Gain	145444
CNVR_114	3	397758	454705	1	1			1		Gain	56948
CNVR_115	3	9737010	9759429	1	1		1			Loss	22420
CNVR_116	3	16760836	16820503	2	2		2			Loss	59668
CNVR_117	3	20706978	20756370	1	1			1		Gain	49393
CNVR_118	3	21383804	21424575	1	1			1		Gain	40772
CNVR_119	3	28845503	28971745	1	1		1			Loss	126243
CNVR_120	3	30350337	30396757	10	10	1	7	2		Mixed	46421
CNVR_121	3	31593802	31697365	1	1			1		Gain	103564
CNVR_122	3	34307747	34387819	1	1		1			Loss	80073
CNVR_123	3	37209678	40032182	37	30		20	13	4	Mixed	2822505
CNVR_124	3	41095470	41306744	1	1			1		Gain	211275
CNVR_125	3	43114547	43283206	1	1		1			Loss	168660
CNVR_126	3	43920523	43982066	1	1		1			Loss	61544
CNVR_127	3	51981186	52060111	2	2			2		Gain	78926
CNVR_128	3	52257274	52264697	1	1		1			Loss	7424
CNVR_129	3	52321114	52363402	3	3		3			Loss	42289
CNVR_130	3	54211974	54781990	34	32		3	25	6	Mixed	570017
CNVR_131	3	55075515	55189536	4	4		1	3		Mixed	114022
CNVR_132	3	56635728	56711353	1	1		1			Loss	75626
CNVR_133	3	57352427	57392327	1	1			1		Gain	39901
CNVR_134	3	58919048	58938248	2	2			2		Gain	19201
CNVR_135	3	62278399	62720838	1	1			1		Gain	442440
CNVR_136	3	63108408	65747448	5	5			4	1	Gain	2639041
CNVR_137	3	68133029	68172039	2	2		2			Loss	39011
CNVR_138	3	68994261	69057163	1	1		1			Loss	62903
CNVR_139	3	69503016	69616165	1	1		1			Loss	113150
CNVR_140	3	69713184	69735264	1	1		1			Loss	22081
CNVR_141	3	70802677	72170955	14	14		7	6	1	Mixed	1368279
CNVR_142	3	72879334	73180249	1	1			1		Gain	300916
CNVR_143	3	75327867	75535019	2	2			2		Gain	207153
CNVR_144	3	76432417	76525892	2	2			2		Gain	93476
CNVR_145	3	90468808	90478848	1	1		1			Loss	10041
CNVR_146	3	94818813	95038877	2	2		2			Loss	220065
CNVR_147	3	100277178	100601230	4	4			4		Gain	324053
CNVR_148	3	105906709	105941874	3	3		3			Loss	35166
CNVR_149	3	109750764	110033765	2	2		2			Loss	283002
CNVR_150	3	116951206	116992159	1	1			1		Gain	40954
CNVR_151	3	119471788	119559889	1	1			1		Gain	88102
CNVR_152	3	120634274	120886943	9	9		3	6		Mixed	252670
CNVR_153	4	190991	4139295	10	10		3	6	1	Mixed	3948305
CNVR_154	4	5815841	5868189	3	3		1	2		Mixed	52349
CNVR_155	4	6330228	6534219	44	44			44		Gain	203992
CNVR_156	4	7372107	7455891	1	1		1			Loss	83785
CNVR_157	4	7803131	7906401	10	10		9	1		Mixed	103271
CNVR_158	4	9623951	9706609	2	2		2			Loss	82659
CNVR_159	4	10554466	10785247	1	1		1			Loss	230782
CNVR_160	4	12328781	12442325	2	2	1	1			Loss	113545
CNVR_161	4	16887354	17012863	23	23		22	1		Mixed	125510
CNVR_162	4	17460946	18172340	10	9		5	5		Mixed	711395
CNVR_163	4	19093963	19200647	1	1			1		Gain	106685
CNVR_164	4	20024131	20304105	2	2		2			Loss	279975
CNVR_165	4	20445754	20477053	1	1		1			Loss	31300
CNVR_166	4	22417069	22677610	6	6		3	2	1	Mixed	260542
CNVR_167	4	23108150	23239528	2	2			2		Gain	131379
CNVR_168	4	23463134	23601651	1	1			1		Gain	138518
CNVR_169	4	24769941	24787234	3	3		3			Loss	17294
CNVR_170	4	30105605	30147821	1	1		1			Loss	42217
CNVR_171	4	34161540	34595587	4	4			4		Gain	434048
CNVR_172	4	35162460	35487581	3	3			3		Gain	325122
CNVR_173	4	36719984	37735828	1	1			1		Gain	1015845
CNVR_174	4	38363077	38577586	3	3		1	2		Mixed	214510
CNVR_175	4	41346098	41947025	7	7		2	5		Mixed	600928
CNVR_176	4	45400553	45479387	2	2		2			Loss	78835
CNVR_177	4	48447077	48515994	2	2		2			Loss	68918
CNVR_178	4	52693559	52803700	1	1		1			Loss	110142
CNVR_179	4	54239052	54278625	3	3		3			Loss	39574
CNVR_180	4	56847089	57094891	1	1		1			Loss	247803
CNVR_181	4	58269915	58772842	7	7		1	6		Mixed	502928
CNVR_182	4	58841554	58862210	1	1		1			Loss	20657
CNVR_183	4	59421575	59566132	3	3			3		Gain	144558
CNVR_184	4	62197348	62228844	1	1			1		Gain	31497
CNVR_185	4	66099208	66429603	39	36		1	38		Mixed	330396
CNVR_186	4	66753486	66803742	3	3		3			Loss	50257
CNVR_187	4	68465623	68705234	2	2		1	1		Mixed	239612
CNVR_188	4	71900384	72082867	11	11		9	2		Mixed	182484
CNVR_189	4	72803395	74003192	43	43	2	34	7		Mixed	1199798
CNVR_190	4	74657252	74678087	1	1			1		Gain	20836
CNVR_191	4	76717317	76815010	2	2		2			Loss	97694
CNVR_192	4	77973448	78071301	1	1			1		Gain	97854
CNVR_193	4	80312765	80347612	1	1		1			Loss	34848
CNVR_194	4	83038296	84636118	22	20	1	7	13	1	Mixed	1597823
CNVR_195	4	84792163	84829041	1	1			1		Gain	36879
CNVR_196	4	84948868	85008727	1	1		1			Loss	59860
CNVR_197	4	89094214	89183705	1	1		1			Loss	89492
CNVR_198	4	90377921	90468283	5	5		5			Loss	90363
CNVR_199	4	92050350	92129716	1	1			1		Gain	79367
CNVR_200	4	95067685	95166666	2	2		2			Loss	98982
CNVR_201	4	96998183	97277561	1	1				1	Gain	279379
CNVR_202	4	105231989	105304020	5	5			5		Gain	72032
CNVR_203	4	106108030	106133947	2	2			2		Gain	25918
CNVR_204	4	106422540	106435387	2	2			2		Gain	12848
CNVR_205	4	109506472	109533204	1	1			1		Gain	26733
CNVR_206	4	112837075	112994064	8	8			8		Gain	156990
CNVR_207	4	115362693	115381846	2	2			2		Gain	19154
CNVR_208	4	118951619	119082548	1	1		1			Loss	130930
CNVR_209	5	2586434	3885445	8	7		4	4		Mixed	1299012
CNVR_210	5	8029807	8295898	1	1			1		Gain	266092
CNVR_211	5	8328738	8415647	3	3		2	1		Mixed	86910
CNVR_212	5	11058496	11551233	3	3		1	1	1	Mixed	492738
CNVR_213	5	12615390	12739512	1	1			1		Gain	124123
CNVR_214	5	13366807	14395978	4	3			2	2	Gain	1029172
CNVR_215	5	14819458	14878496	5	5		4	1		Mixed	59039
CNVR_216	5	15646809	15860012	1	1		1			Loss	213204
CNVR_217	5	16194862	16221348	1	1			1		Gain	26487
CNVR_218	5	16426181	16842239	1	1			1		Gain	416059
CNVR_219	5	27040938	27114028	1	1			1		Gain	73091
CNVR_220	5	29594972	29606401	1	1			1		Gain	11430
CNVR_221	5	40559187	40689866	1	1		1			Loss	130680
CNVR_222	5	41739940	41856142	6	6		4	2		Mixed	116203
CNVR_223	5	49769854	49803392	1	1		1			Loss	33539
CNVR_224	5	50066009	50182992	2	2		2			Loss	116984
CNVR_225	5	51021894	51204033	6	6		2	4		Mixed	182140
CNVR_226	5	52159913	54311674	9	9		5	3	1	Mixed	2151762
CNVR_227	5	54521099	54997923	4	4		4			Loss	476825
CNVR_228	5	56035754	56081838	1	1		1			Loss	46085
CNVR_229	5	58039011	58068698	5	5		5			Loss	29688
CNVR_230	5	58827093	58843129	1	1			1		Gain	16037
CNVR_231	5	58925936	59139148	1	1		1			Loss	213213
CNVR_232	5	59736550	59953158	1	1		1			Loss	216609
CNVR_233	5	60171808	60209282	1	1		1			Loss	37475
CNVR_234	5	64116108	64230589	1	1		1			Loss	114482
CNVR_235	5	74749864	74753566	1	1		1			Loss	3703
CNVR_236	5	76888810	77042374	1	1		1			Loss	153565
CNVR_237	5	86500786	86770273	1	1			1		Gain	269488
CNVR_238	5	91512259	93289231	28	27		14	13	1	Mixed	1776973
CNVR_239	5	93611048	93661305	1	1			1		Gain	50258
CNVR_240	5	95388986	95475180	5	5			4	1	Gain	86195
CNVR_241	5	97624572	97673415	1	1		1			Loss	48844
CNVR_242	5	101977430	102029541	10	10		1	9		Mixed	52112
CNVR_243	5	102317408	102463152	1	1		1			Loss	145745
CNVR_244	5	102630827	103046878	1	1			1		Gain	416052
CNVR_245	5	105720910	105792437	4	4			4		Gain	71528
CNVR_246	5	106022933	106090114	1	1		1			Loss	67182
CNVR_247	5	106990076	107114180	1	1			1		Gain	124105
CNVR_248	5	109783129	109801761	1	1			1		Gain	18633
CNVR_249	5	111795109	111914115	1	1		1			Loss	119007
CNVR_250	5	112271082	112941150	1	1			1		Gain	670069
CNVR_251	5	113908560	113929923	1	1			1		Gain	21364
CNVR_252	5	114595880	114640633	8	8			8		Gain	44754
CNVR_253	5	116466547	116483271	3	3			3		Gain	16725
CNVR_254	5	116879431	116908657	1	1			1		Gain	29227
CNVR_255	5	117008357	117117023	3	3		2	1		Mixed	108667
CNVR_256	5	118140212	118152314	4	4		4			Loss	12103
CNVR_257	5	118209249	118224973	9	9	9				Loss	15725
CNVR_258	5	118326410	118372340	8	8		1	7		Mixed	45931
CNVR_259	5	118421130	118474468	2	2			2		Gain	53339
CNVR_260	5	118630779	118709855	30	30	1	29			Loss	79077
CNVR_261	5	119618064	119734299	2	2		2			Loss	116236
CNVR_262	6	115156	689353	6	6			6		Gain	574198
CNVR_263	6	4168463	4201894	1	1		1			Loss	33432
CNVR_264	6	4884823	4907277	1	1			1		Gain	22455
CNVR_265	6	7907346	10583779	39	31		28	10	1	Mixed	2676434
CNVR_266	6	11131845	11226708	3	3		3			Loss	94864
CNVR_267	6	18364684	18413478	1	1			1		Gain	48795
CNVR_268	6	18924476	18955466	1	1			1		Gain	30991
CNVR_269	6	23684408	23761369	2	2		2			Loss	76962
CNVR_270	6	27204121	27311786	1	1			1		Gain	107666
CNVR_271	6	27332801	27950289	17	17		12	5		Mixed	617489
CNVR_272	6	30915027	33530543	14	13		6	8		Mixed	2615517
CNVR_273	6	33709997	33774948	1	1			1		Gain	64952
CNVR_274	6	33873388	34610791	5	5		5			Loss	737404
CNVR_275	6	36535012	36551432	9	9		9			Loss	16421
CNVR_276	6	37302499	37536990	5	5		1	4		Mixed	234492
CNVR_277	6	37819224	37860407	1	1			1		Gain	41184
CNVR_278	6	39652421	39900932	2	2		2			Loss	248512
CNVR_279	6	47172330	50546109	20	16		7	12	1	Mixed	3373780
CNVR_280	6	50672369	51366146	3	3		1	2		Mixed	693778
CNVR_281	6	51682000	53018148	24	23		14	9	1	Mixed	1336149
CNVR_282	6	53346422	54978700	41	34		20	20	1	Mixed	1632279
CNVR_283	6	55123673	55172459	1	1		1			Loss	48787
CNVR_284	6	55277164	55662301	4	4		4			Loss	385138
CNVR_285	6	62324968	62662045	1	1			1		Gain	337078
CNVR_286	6	63920386	65302613	14	14		11	2	1	Mixed	1382228
CNVR_287	6	73556389	76966404	43	34		17	23	3	Mixed	3410016
CNVR_288	6	77586306	82543678	66	51		32	29	5	Mixed	4957373
CNVR_289	6	82895900	83003450	8	8		8			Loss	107551
CNVR_290	6	84203997	84368516	8	8		6	2		Mixed	164520
CNVR_291	6	84734130	85446151	5	5		4	1		Mixed	712022
CNVR_292	6	89886763	89911008	1	1			1		Gain	24246
CNVR_293	6	90459046	90505918	1	1			1		Gain	46873
CNVR_294	6	95401682	95707067	5	5		3	2		Mixed	305386
CNVR_295	6	102542717	102646839	1	1			1		Gain	104123
CNVR_296	6	114371692	114406200	1	1		1			Loss	34509
CNVR_297	6	114582670	114667980	4	4		2	2		Mixed	85311
CNVR_298	6	114903821	115458260	8	8		6	2		Mixed	554440
CNVR_299	6	115656633	115719172	2	2		2			Loss	62540
CNVR_300	6	115881461	115959367	3	3			3		Gain	77907
CNVR_301	6	116045596	116391408	2	2		1	1		Mixed	345813
CNVR_302	6	116765519	116935159	4	4		2	2		Mixed	169641
CNVR_303	6	117015280	117198612	1	1		1			Loss	183333
CNVR_304	6	117334310	117390034	1	1		1			Loss	55725
CNVR_305	6	117442170	117586582	1	1		1			Loss	144413
CNVR_306	7	310937	435584	77	77	23	39	15		Mixed	124648
CNVR_307	7	1080046	1085828	2	2		2			Loss	5783
CNVR_308	7	2441749	2470758	1	1			1		Gain	29010
CNVR_309	7	4981205	5074707	1	1			1		Gain	93503
CNVR_310	7	5292475	5377006	1	1		1			Loss	84532
CNVR_311	7	5473507	5616237	1	1		1			Loss	142731
CNVR_312	7	8782634	10494698	69	46	1	6	62		Mixed	1712065
CNVR_313	7	11234442	11485170	1	1			1		Gain	250729
CNVR_314	7	12709431	12755099	1	1			1		Gain	45669
CNVR_315	7	13697805	13734002	1	1			1		Gain	36198
CNVR_316	7	14032208	14079651	2	2		2			Loss	47444
CNVR_317	7	14727440	14921401	2	2			2		Gain	193962
CNVR_318	7	15060628	15282437	1	1			1		Gain	221810
CNVR_319	7	15729850	15854651	2	2			2		Gain	124802
CNVR_320	7	18374159	18403881	2	2			2		Gain	29723
CNVR_321	7	19718988	20025300	5	5			5		Gain	306313
CNVR_322	7	20348289	20778184	1	1			1		Gain	429896
CNVR_323	7	21743940	21802513	1	1		1			Loss	58574
CNVR_324	7	21927815	21963795	1	1			1		Gain	35981
CNVR_325	7	21972718	22003609	1	1			1		Gain	30892
CNVR_326	7	22007584	22028121	2	2			1	1	Gain	20538
CNVR_327	7	22536026	22554424	1	1		1			Loss	18399
CNVR_328	7	23726597	23741599	6	6			6		Gain	15003
CNVR_329	7	23777525	23867865	1	1		1			Loss	90341
CNVR_330	7	27289094	27323816	2	2			2		Gain	34723
CNVR_331	7	28248391	28300663	1	1	1				Loss	52273
CNVR_332	7	29632170	29715806	1	1		1			Loss	83637
CNVR_333	7	32142713	32165961	2	2		2			Loss	23249
CNVR_334	7	32271801	32525437	4	4			4		Gain	253637
CNVR_335	7	32912816	33140093	2	2			2		Gain	227278
CNVR_336	7	34703029	34832022	2	2			2		Gain	128994
CNVR_337	7	35861973	35908827	8	8		8			Loss	46855
CNVR_338	7	38226065	38417700	1	1		1			Loss	191636
CNVR_339	7	41766797	41803776	6	6		6			Loss	36980
CNVR_340	7	41936355	41982734	28	28			28		Gain	46380
CNVR_341	7	43369002	44022730	6	4			4	2	Gain	653729
CNVR_342	7	46218847	46303822	1	1		1			Loss	84976
CNVR_343	7	48631701	48659911	3	3		3			Loss	28211
CNVR_344	7	51895416	52030052	1	1			1		Gain	134637
CNVR_345	7	68038227	68126506	1	1		1			Loss	88280
CNVR_346	7	68637147	68783389	10	10			10		Gain	146243
CNVR_347	7	76362651	78318236	9	9		2	6	1	Mixed	1955586
CNVR_348	7	83768386	84051130	3	3		2	1		Mixed	282745
CNVR_349	7	84759907	86193204	41	38		19	19	3	Mixed	1433298
CNVR_350	7	86947630	86986302	1	1			1		Gain	38673
CNVR_351	7	90843162	90863630	3	3		2	1		Mixed	20469
CNVR_352	7	91189501	92330502	4	4		1	3		Mixed	1141002
CNVR_353	7	92549685	92627202	2	2		1	1		Mixed	77518
CNVR_354	7	96613640	96674884	1	1			1		Gain	61245
CNVR_355	7	98715802	98830419	1	1	1				Loss	114618
CNVR_356	7	103233313	106096645	18	12		7	10	1	Mixed	2863333
CNVR_357	7	109884675	110293886	2	2			2		Gain	409212
CNVR_358	8	2670595	2915019	1	1			1		Gain	244425
CNVR_359	8	3389399	3703116	1	1			1		Gain	313718
CNVR_360	8	4082412	4534892	1	1			1		Gain	452481
CNVR_361	8	12807518	14225229	6	6		3	2	1	Mixed	1417712
CNVR_362	8	18756828	20011119	5	5		1	4		Mixed	1254292
CNVR_363	8	20871555	21282510	1	1			1		Gain	410956
CNVR_364	8	31962859	32036232	1	1		1			Loss	73374
CNVR_365	8	32102776	33424212	21	21		14	5	2	Mixed	1321437
CNVR_366	8	33701484	34471102	1	1			1		Gain	769619
CNVR_367	8	34841159	35928621	5	5			5		Gain	1087463
CNVR_368	8	37331265	37364984	1	1		1			Loss	33720
CNVR_369	8	38363220	38420499	1	1		1			Loss	57280
CNVR_370	8	41105274	41261675	2	2		2			Loss	156402
CNVR_371	8	43615936	43824913	1	1			1		Gain	208978
CNVR_372	8	49669527	50272560	2	2		1	1		Mixed	603034
CNVR_373	8	71906498	72015768	1	1		1			Loss	109271
CNVR_374	8	81613969	81655976	1	1			1		Gain	42008
CNVR_375	8	82609588	82677709	2	2		2			Loss	68122
CNVR_376	8	91608918	93181299	42	33		17	22	3	Mixed	1572382
CNVR_377	8	94169835	94348272	4	4	4				Loss	178438
CNVR_378	8	94398701	94539339	1	1		1			Loss	140639
CNVR_379	8	100342004	100446192	1	1		1			Loss	104189
CNVR_380	8	101701833	101756218	3	3		3			Loss	54386
CNVR_381	8	113248793	113255527	2	2		1	1		Mixed	6735
CNVR_382	9	173760	222508	2	2		2			Loss	48749
CNVR_383	9	1232090	1407386	2	2		2			Loss	175297
CNVR_384	9	1492214	5583983	47	35		26	18	3	Mixed	4091770
CNVR_385	9	5784409	7215840	14	14		6	8		Mixed	1431432
CNVR_386	9	13913182	14108220	9	9	1	5	3		Mixed	195039
CNVR_387	9	15406961	15437219	1	1			1		Gain	30259
CNVR_388	9	16325774	16596500	1	1			1		Gain	270727
CNVR_389	9	16995696	17031856	1	1			1		Gain	36161
CNVR_390	9	18608888	18650496	2	2		1	1		Mixed	41609
CNVR_391	9	24739623	24872710	4	4		3	1		Mixed	133088
CNVR_392	9	28284086	28305499	1	1		1			Loss	21414
CNVR_393	9	30169726	30802063	36	36	2	33	1		Mixed	632338
CNVR_394	9	35054209	35822082	6	6			6		Gain	767874
CNVR_395	9	40282917	40345809	8	8			8		Gain	62893
CNVR_396	9	45904339	47944789	18	15		6	8	4	Mixed	2040451
CNVR_397	9	48307662	48796022	3	3		1	2		Mixed	488361
CNVR_398	9	49224046	49366561	2	2		1	1		Mixed	142516
CNVR_399	9	50321700	50390151	1	1		1			Loss	68452
CNVR_400	9	51545402	51588928	5	5		2	3		Mixed	43527
CNVR_401	9	53435870	53536927	2	2		2			Loss	101058
CNVR_402	9	53903707	54047506	2	2		2			Loss	143800
CNVR_403	9	54387934	56366734	19	17		11	7	1	Mixed	1978801
CNVR_404	9	57139648	57901328	4	3			3	1	Gain	761681
CNVR_405	9	65629321	65652443	5	5		5			Loss	23123
CNVR_406	9	65885583	66036771	3	3		3			Loss	151189
CNVR_407	9	68293784	68313927	1	1		1			Loss	20144
CNVR_408	9	71761625	71867488	1	1			1		Gain	105864
CNVR_409	9	73729142	73848491	1	1		1			Loss	119350
CNVR_410	9	79635272	79745361	1	1		1			Loss	110090
CNVR_411	9	88636634	88684552	2	2		2			Loss	47919
CNVR_412	9	90715541	90747056	4	4		4			Loss	31516
CNVR_413	9	92507446	92528200	1	1		1			Loss	20755
CNVR_414	9	97537718	97567316	1	1		1			Loss	29599
CNVR_415	9	98170529	98202076	1	1			1		Gain	31548
CNVR_416	9	102050512	102068573	2	2		2			Loss	18062
CNVR_417	9	102582381	102615677	1	1		1			Loss	33297
CNVR_418	9	103396428	103455006	1	1			1		Gain	58579
