Chr	CNVR_ID	Start	End	Frequency	n_Sample	0	1	3	4	Type	Length	start_left	end_right	chr_top	chr_bottom
1	CNVR_1	14652420	14717338	1	1	1				Loss	64919	14.65242	14.717338	87	85.5
1	CNVR_2	15937076	16069418	1	1			1		Gain	132343	15.937076	16.069418	87	85.5
1	CNVR_3	16277524	17021138	2	2	1	1			Loss	743615	16.277524	17.021138	87	85.5
1	CNVR_4	18946871	18998146	1	1			1		Gain	51276	18.946871	18.998146	87	85.5
1	CNVR_5	22539046	26966818	2	2			2		Gain	4427773	22.539046	26.966818	87	85.5
1	CNVR_6	38472886	40379850	1	1				1	Gain	1906965	38.472886	40.37985	87	85.5
1	CNVR_7	47078177	50057426	1	1			1		Gain	2979250	47.078177	50.057426	87	85.5
1	CNVR_8	55259756	55396138	1	1		1			Loss	136383	55.259756	55.396138	87	85.5
1	CNVR_9	62918442	63025706	1	1	1				Loss	107265	62.918442	63.025706	87	85.5
1	CNVR_10	72115021	72350394	1	1	1				Loss	235374	72.115021	72.350394	87	85.5
1	CNVR_11	88638760	88904687	2	2			2		Gain	265928	88.63876	88.904687	87	85.5
1	CNVR_12	90813044	95047587	2	2	1		1		Mixed	4234544	90.813044	95.047587	87	85.5
1	CNVR_13	142904469	142999555	4	4	4				Loss	95087	142.904469	142.999555	87	85.5
10	CNVR_111	2315405	2335938	1	1	1				Loss	20534	2.315405	2.335938	60	58.5
10	CNVR_112	14129663	14200836	1	1			1		Gain	71174	14.129663	14.200836	60	58.5
10	CNVR_113	22379850	25265627	53	51	43	1	9		Mixed	2885778	22.37985	25.265627	60	58.5
10	CNVR_114	27053298	27098905	1	1	1				Loss	45608	27.053298	27.098905	60	58.5
10	CNVR_115	34862923	35014790	3	3	3				Loss	151868	34.862923	35.01479	60	58.5
10	CNVR_116	55708101	55805448	3	3	3				Loss	97348	55.708101	55.805448	60	58.5
10	CNVR_117	77091346	77143173	1	1	1				Loss	51828	77.091346	77.143173	60	58.5
10	CNVR_118	87560350	87800552	2	2			2		Gain	240203	87.56035	87.800552	60	58.5
10	CNVR_119	104016609	104152410	2	2			1	1	Gain	135802	104.016609	104.15241	60	58.5
11	CNVR_120	4177123	4225930	1	1	1				Loss	48808	4.177123	4.22593	57	55.5
11	CNVR_121	16727817	18471801	1	1			1		Gain	1743985	16.727817	18.471801	57	55.5
11	CNVR_122	39888471	39936968	2	2			2		Gain	48498	39.888471	39.936968	57	55.5
11	CNVR_123	52004919	52140975	1	1	1				Loss	136057	52.004919	52.140975	57	55.5
11	CNVR_124	103363410	106804258	4	4		1	1	2	Mixed	3440849	103.36341	106.804258	57	55.5
12	CNVR_125	32089643	32182960	7	7	2		5		Mixed	93318	32.089643	32.18296	54	52.5
12	CNVR_126	34446868	34505806	1	1	1				Loss	58939	34.446868	34.505806	54	52.5
12	CNVR_127	42098999	43799317	2	2		1	1		Mixed	1700319	42.098999	43.799317	54	52.5
12	CNVR_128	57900635	58725768	27	27	1	24	2		Mixed	825134	57.900635	58.725768	54	52.5
12	CNVR_129	59108123	59239590	5	5			5		Gain	131468	59.108123	59.23959	54	52.5
12	CNVR_130	61667023	61759245	1	1	1				Loss	92223	61.667023	61.759245	54	52.5
12	CNVR_131	70488515	70618867	6	6	6				Loss	130353	70.488515	70.618867	54	52.5
12	CNVR_132	70816749	72117025	14	14	14				Loss	1300277	70.816749	72.117025	54	52.5
12	CNVR_133	72419043	76870470	89	77	53	1	35		Mixed	4451428	72.419043	76.87047	54	52.5
12	CNVR_134	82137254	82229884	7	7	7				Loss	92631	82.137254	82.229884	54	52.5
12	CNVR_135	83266140	85453952	2	2			2		Gain	2187813	83.26614	85.453952	54	52.5
13	CNVR_136	1342729	1425986	1	1	1				Loss	83258	1.342729	1.425986	51	49.5
13	CNVR_137	12543348	12808180	1	1			1		Gain	264833	12.543348	12.80818	51	49.5
13	CNVR_138	41643163	41678593	1	1	1				Loss	35431	41.643163	41.678593	51	49.5
13	CNVR_139	43643509	43771619	11	11			11		Gain	128111	43.643509	43.771619	51	49.5
13	CNVR_140	53838879	53862891	1	1	1				Loss	24013	53.838879	53.862891	51	49.5
13	CNVR_141	53915515	54076116	6	6	6				Loss	160602	53.915515	54.076116	51	49.5
13	CNVR_142	58163971	58253335	1	1	1				Loss	89365	58.163971	58.253335	51	49.5
14	CNVR_143	19993440	20421717	5	5			5		Gain	428278	19.99344	20.421717	48	46.5
14	CNVR_144	77329830	77442081	2	2	2				Loss	112252	77.32983	77.442081	48	46.5
14	CNVR_145	78336871	78386690	5	5	5				Loss	49820	78.336871	78.38669	48	46.5
14	CNVR_146	84606028	84628243	1	1			1		Gain	22216	84.606028	84.628243	48	46.5
15	CNVR_147	74750	1295957	1	1			1		Gain	1221208	0.07475	1.295957	45	43.5
15	CNVR_148	2130402	4293948	6	6		5	1		Mixed	2163547	2.130402	4.293948	45	43.5
15	CNVR_149	12689785	12751702	1	1	1				Loss	61918	12.689785	12.751702	45	43.5
15	CNVR_150	18569217	18664416	1	1	1				Loss	95200	18.569217	18.664416	45	43.5
15	CNVR_151	46539222	46975690	2	2			2		Gain	436469	46.539222	46.97569	45	43.5
15	CNVR_152	47873132	48075574	10	10	8		2		Mixed	202443	47.873132	48.075574	45	43.5
15	CNVR_153	55459883	55502718	1	1	1				Loss	42836	55.459883	55.502718	45	43.5
15	CNVR_154	68021790	68058858	1	1	1				Loss	37069	68.02179	68.058858	45	43.5
15	CNVR_155	68387254	73255004	1	1			1		Gain	4867751	68.387254	73.255004	45	43.5
15	CNVR_156	80329011	80935724	32	32	8	3	19	2	Mixed	606714	80.329011	80.935724	45	43.5
16	CNVR_157	5584314	6125517	4	4	2		2		Mixed	541204	5.584314	6.125517	42	40.5
16	CNVR_158	6208012	6272908	3	3	3				Loss	64897	6.208012	6.272908	42	40.5
16	CNVR_159	10859069	10958964	1	1		1			Loss	99896	10.859069	10.958964	42	40.5
16	CNVR_160	12465527	12508155	3	3	3				Loss	42629	12.465527	12.508155	42	40.5
16	CNVR_161	15126214	15293292	43	43	43				Loss	167079	15.126214	15.293292	42	40.5
16	CNVR_162	47971231	48088496	3	3	3				Loss	117266	47.971231	48.088496	42	40.5
16	CNVR_163	61932640	62244131	18	18			18		Gain	311492	61.93264	62.244131	42	40.5
17	CNVR_164	727200	2748831	1	1			1		Gain	2021632	0.7272	2.748831	39	37.5
17	CNVR_165	22285150	22378265	1	1	1				Loss	93116	22.28515	22.378265	39	37.5
17	CNVR_166	25010293	25167004	3	3	3				Loss	156712	25.010293	25.167004	39	37.5
17	CNVR_167	27303135	27484341	2	2	2				Loss	181207	27.303135	27.484341	39	37.5
17	CNVR_168	30640617	34057200	2	2			2		Gain	3416584	30.640617	34.0572	39	37.5
17	CNVR_169	42422307	42685587	2	2		2			Loss	263281	42.422307	42.685587	39	37.5
17	CNVR_170	47608485	47667026	1	1	1				Loss	58542	47.608485	47.667026	39	37.5
17	CNVR_171	50685977	51000846	2	2	2				Loss	314870	50.685977	51.000846	39	37.5
17	CNVR_172	74723634	74925889	2	2			1	1	Gain	202256	74.723634	74.925889	39	37.5
18	CNVR_173	2815483	2864232	1	1			1		Gain	48750	2.815483	2.864232	36	34.5
18	CNVR_174	27870868	28375091	2	2			2		Gain	504224	27.870868	28.375091	36	34.5
18	CNVR_175	38815705	38883296	1	1	1				Loss	67592	38.815705	38.883296	36	34.5
18	CNVR_176	61644854	61929947	17	17	13		4		Mixed	285094	61.644854	61.929947	36	34.5
18	CNVR_177	63896972	63931097	1	1	1				Loss	34126	63.896972	63.931097	36	34.5
19	CNVR_178	7762820	7902781	4	4	4				Loss	139962	7.76282	7.902781	33	31.5
19	CNVR_179	14579657	14606603	1	1	1				Loss	26947	14.579657	14.606603	33	31.5
19	CNVR_180	27576066	28031919	2	2			1	1	Gain	455854	27.576066	28.031919	33	31.5
19	CNVR_181	51478494	51538272	1	1	1				Loss	59779	51.478494	51.538272	33	31.5
19	CNVR_182	52740740	52872517	2	2			2		Gain	131778	52.74074	52.872517	33	31.5
19	CNVR_183	55101341	55191677	1	1			1		Gain	90337	55.101341	55.191677	33	31.5
2	CNVR_14	7457310	8521798	9	9	8		1		Mixed	1064489	7.45731	8.521798	84	82.5
2	CNVR_15	9890166	13411225	12	12	11		1		Mixed	3521060	9.890166	13.411225	84	82.5
2	CNVR_16	13597108	13668484	1	1			1		Gain	71377	13.597108	13.668484	84	82.5
2	CNVR_17	27366556	28035273	21	21			21		Gain	668718	27.366556	28.035273	84	82.5
2	CNVR_18	28246133	29839570	1	1			1		Gain	1593438	28.246133	29.83957	84	82.5
2	CNVR_19	55325381	58384394	2	2			2		Gain	3059014	55.325381	58.384394	84	82.5
2	CNVR_20	63897151	64043648	9	9			9		Gain	146498	63.897151	64.043648	84	82.5
2	CNVR_21	64218639	64784574	1	1	1				Loss	565936	64.218639	64.784574	84	82.5
2	CNVR_22	66696730	69527656	2	2	1		1		Mixed	2830927	66.69673	69.527656	84	82.5
2	CNVR_23	74228539	78942271	4	4	2		2		Mixed	4713733	74.228539	78.942271	84	82.5
2	CNVR_24	81336425	84170290	1	1			1		Gain	2833866	81.336425	84.17029	84	82.5
20	CNVR_184	1086515	1196509	5	5			5		Gain	109995	1.086515	1.196509	30	28.5
20	CNVR_185	9813884	9890424	1	1	1				Loss	76541	9.813884	9.890424	30	28.5
20	CNVR_186	10253023	10424451	1	1			1		Gain	171429	10.253023	10.424451	30	28.5
20	CNVR_187	22960402	23017834	1	1	1				Loss	57433	22.960402	23.017834	30	28.5
20	CNVR_188	29717135	29785475	1	1	1				Loss	68341	29.717135	29.785475	30	28.5
20	CNVR_189	46028649	46091593	2	2	2				Loss	62945	46.028649	46.091593	30	28.5
20	CNVR_190	53346454	53410194	1	1	1				Loss	63741	53.346454	53.410194	30	28.5
20	CNVR_191	60147560	61455283	2	2	1		1		Mixed	1307724	60.14756	61.455283	30	28.5
20	CNVR_192	68499446	68547457	1	1	1				Loss	48012	68.499446	68.547457	30	28.5
21	CNVR_193	13657850	13715904	2	2	2				Loss	58055	13.65785	13.715904	27	25.5
21	CNVR_194	20063553	20259891	17	17	16		1		Mixed	196339	20.063553	20.259891	27	25.5
21	CNVR_195	29654748	29762241	1	1			1		Gain	107494	29.654748	29.762241	27	25.5
21	CNVR_196	37941393	37993399	1	1	1				Loss	52007	37.941393	37.993399	27	25.5
21	CNVR_197	52273180	52364049	6	6	6				Loss	90870	52.27318	52.364049	27	25.5
21	CNVR_198	52771584	53285393	1	1		1			Loss	513810	52.771584	53.285393	27	25.5
21	CNVR_199	54181213	54276389	4	4	4				Loss	95177	54.181213	54.276389	27	25.5
22	CNVR_200	9165638	9458557	1	1		1			Loss	292920	9.165638	9.458557	24	22.5
22	CNVR_201	34096831	34168563	1	1	1				Loss	71733	34.096831	34.168563	24	22.5
22	CNVR_202	43894412	44172715	2	2	2				Loss	278304	43.894412	44.172715	24	22.5
22	CNVR_203	57444701	57486105	1	1	1				Loss	41405	57.444701	57.486105	24	22.5
23	CNVR_204	15894	1775946	1	1			1		Gain	1760053	0.015894	1.775946	21	19.5
23	CNVR_205	24580918	24671650	2	2	1		1		Mixed	90733	24.580918	24.67165	21	19.5
23	CNVR_206	25222914	25978647	1	1	1				Loss	755734	25.222914	25.978647	21	19.5
23	CNVR_207	26255454	26314846	18	18	18				Loss	59393	26.255454	26.314846	21	19.5
23	CNVR_208	27286587	27903991	3	3	2		1		Mixed	617405	27.286587	27.903991	21	19.5
23	CNVR_209	28970578	29126339	4	4	3		1		Mixed	155762	28.970578	29.126339	21	19.5
23	CNVR_210	31338261	31707092	1	1			1		Gain	368832	31.338261	31.707092	21	19.5
24	CNVR_211	13255894	13331435	7	7	7				Loss	75542	13.255894	13.331435	18	16.5
24	CNVR_212	13564505	13604334	1	1	1				Loss	39830	13.564505	13.604334	18	16.5
24	CNVR_213	17315979	17382473	2	2	2				Loss	66495	17.315979	17.382473	18	16.5
24	CNVR_214	26382635	29490959	4	4	1		2	1	Mixed	3108325	26.382635	29.490959	18	16.5
24	CNVR_215	52356772	52388202	2	2	2				Loss	31431	52.356772	52.388202	18	16.5
24	CNVR_216	60441853	60476719	1	1			1		Gain	34867	60.441853	60.476719	18	16.5
25	CNVR_217	853665	1771425	1	1		1			Loss	917761	0.853665	1.771425	15	13.5
25	CNVR_218	9621091	9690819	2	2			2		Gain	69729	9.621091	9.690819	15	13.5
25	CNVR_219	10131703	10160301	1	1	1				Loss	28599	10.131703	10.160301	15	13.5
25	CNVR_220	42006514	42115088	1	1			1		Gain	108575	42.006514	42.115088	15	13.5
26	CNVR_221	3010798	3087092	2	2	1		1		Mixed	76295	3.010798	3.087092	12	10.5
26	CNVR_222	12364119	12500044	1	1	1				Loss	135926	12.364119	12.500044	12	10.5
26	CNVR_223	21708133	21787462	2	2	2				Loss	79330	21.708133	21.787462	12	10.5
26	CNVR_224	23363852	23420638	1	1	1				Loss	56787	23.363852	23.420638	12	10.5
26	CNVR_225	25719640	25757447	7	7	7				Loss	37808	25.71964	25.757447	12	10.5
26	CNVR_226	27974246	28056789	3	3	3				Loss	82544	27.974246	28.056789	12	10.5
26	CNVR_227	51200330	51267717	1	1			1		Gain	67388	51.20033	51.267717	12	10.5
27	CNVR_228	2168531	2287885	5	5	5				Loss	119355	2.168531	2.287885	9	7.5
27	CNVR_229	6922514	6990804	1	1	1				Loss	68291	6.922514	6.990804	9	7.5
27	CNVR_230	8160092	12430054	2	2	1		1		Mixed	4269963	8.160092	12.430054	9	7.5
27	CNVR_231	15447004	18226356	1	1			1		Gain	2779353	15.447004	18.226356	9	7.5
27	CNVR_232	19272412	22448445	1	1			1		Gain	3176034	19.272412	22.448445	9	7.5
27	CNVR_233	29739347	29871854	1	1	1				Loss	132508	29.739347	29.871854	9	7.5
27	CNVR_234	45113851	45153084	1	1	1				Loss	39234	45.113851	45.153084	9	7.5
28	CNVR_235	2313753	2869287	139	133	138		1		Mixed	555535	2.313753	2.869287	6	4.5
28	CNVR_236	8022387	8200649	1	1		1			Loss	178263	8.022387	8.200649	6	4.5
28	CNVR_237	9886410	12593367	1	1			1		Gain	2706958	9.88641	12.593367	6	4.5
28	CNVR_238	20332119	24211870	2	2			2		Gain	3879752	20.332119	24.21187	6	4.5
28	CNVR_239	24578469	24611840	1	1	1				Loss	33372	24.578469	24.61184	6	4.5
28	CNVR_240	36183465	36263181	1	1	1				Loss	79717	36.183465	36.263181	6	4.5
29	CNVR_241	3245223	3316585	1	1	1				Loss	71363	3.245223	3.316585	3	1.5
29	CNVR_242	13028703	15774315	2	2	1		1		Mixed	2745613	13.028703	15.774315	3	1.5
29	CNVR_243	19200818	22047517	6	6	2	2	2		Mixed	2846700	19.200818	22.047517	3	1.5
29	CNVR_244	36544016	36573929	1	1	1				Loss	29914	36.544016	36.573929	3	1.5
29	CNVR_245	38767346	39842168	1	1			1		Gain	1074823	38.767346	39.842168	3	1.5
29	CNVR_246	47572920	47668622	2	2	2				Loss	95703	47.57292	47.668622	3	1.5
3	CNVR_25	11012679	11063503	1	1	1				Loss	50825	11.012679	11.063503	81	79.5
3	CNVR_26	37172756	41992103	1	1			1		Gain	4819348	37.172756	41.992103	81	79.5
3	CNVR_27	54555541	55074485	24	24		2	19	3	Mixed	518945	54.555541	55.074485	81	79.5
3	CNVR_28	67440250	67474440	1	1	1				Loss	34191	67.44025	67.47444	81	79.5
3	CNVR_29	69596912	74348506	2	2	1		1		Mixed	4751595	69.596912	74.348506	81	79.5
4	CNVR_30	17112	4258236	4	4			4		Gain	4241125	0.017112	4.258236	78	76.5
4	CNVR_31	6223614	6425277	36	36			36		Gain	201664	6.223614	6.425277	78	76.5
4	CNVR_32	15849767	16918197	2	2			2		Gain	1068431	15.849767	16.918197	78	76.5
4	CNVR_33	17858900	18815510	2	2			2		Gain	956611	17.8589	18.81551	78	76.5
4	CNVR_34	22646006	22745371	1	1	1				Loss	99366	22.646006	22.745371	78	76.5
4	CNVR_35	45664659	45743508	1	1	1				Loss	78850	45.664659	45.743508	78	76.5
4	CNVR_36	58591926	59647887	1	1			1		Gain	1055962	58.591926	59.647887	78	76.5
4	CNVR_37	59813010	59953839	1	1			1		Gain	140830	59.81301	59.953839	78	76.5
4	CNVR_38	65259787	65291207	1	1	1				Loss	31421	65.259787	65.291207	78	76.5
4	CNVR_39	66482908	67007235	26	26			26		Gain	524328	66.482908	67.007235	78	76.5
4	CNVR_40	72358306	72561411	5	5	5				Loss	203106	72.358306	72.561411	78	76.5
4	CNVR_41	73676903	73758088	2	2	2				Loss	81186	73.676903	73.758088	78	76.5
4	CNVR_42	83708251	85983005	3	3			3		Gain	2274755	83.708251	85.983005	78	76.5
4	CNVR_43	106018897	106193024	1	1			1		Gain	174128	106.018897	106.193024	78	76.5
4	CNVR_44	113657341	113889320	3	3			3		Gain	231980	113.657341	113.88932	78	76.5
5	CNVR_45	7674802	9143490	2	2			2		Gain	1468689	7.674802	9.14349	75	73.5
5	CNVR_46	27214378	27287454	1	1			1		Gain	73077	27.214378	27.287454	75	73.5
5	CNVR_47	37590024	37643766	1	1	1				Loss	53743	37.590024	37.643766	75	73.5
5	CNVR_48	41565285	41606346	2	2	2				Loss	41062	41.565285	41.606346	75	73.5
5	CNVR_49	42179749	42241538	4	4	4				Loss	61790	42.179749	42.241538	75	73.5
5	CNVR_50	50669547	50719772	1	1	1				Loss	50226	50.669547	50.719772	75	73.5
5	CNVR_51	51636267	55590501	7	7	1		6		Mixed	3954235	51.636267	55.590501	75	73.5
5	CNVR_52	58003271	60244864	3	3	1		2		Mixed	2241594	58.003271	60.244864	75	73.5
5	CNVR_53	89545151	93920010	2	2			2		Gain	4374860	89.545151	93.92001	75	73.5
5	CNVR_54	119308044	119348174	11	11	11				Loss	40131	119.308044	119.348174	75	73.5
5	CNVR_55	119729902	119761233	1	1	1				Loss	31332	119.729902	119.761233	75	73.5
5	CNVR_56	119910992	119969515	1	1				1	Gain	58524	119.910992	119.969515	75	73.5
5	CNVR_57	120295070	120340833	1	1	1				Loss	45764	120.29507	120.340833	75	73.5
6	CNVR_58	1054786	1093395	1	1	1				Loss	38610	1.054786	1.093395	72	70.5
6	CNVR_59	8617907	11875487	2	2			2		Gain	3257581	8.617907	11.875487	72	70.5
6	CNVR_60	12296402	12391211	2	2		2			Loss	94810	12.296402	12.391211	72	70.5
6	CNVR_61	32408331	34959851	1	1			1		Gain	2551521	32.408331	34.959851	72	70.5
6	CNVR_62	35648890	35710334	1	1	1				Loss	61445	35.64889	35.710334	72	70.5
6	CNVR_63	37885679	37894102	3	3	3				Loss	8424	37.885679	37.894102	72	70.5
6	CNVR_64	37962382	37976610	1	1		1			Loss	14229	37.962382	37.97661	72	70.5
6	CNVR_65	39259257	39300440	1	1			1		Gain	41184	39.259257	39.30044	72	70.5
6	CNVR_66	39482266	39486775	1	1	1				Loss	4510	39.482266	39.486775	72	70.5
6	CNVR_67	48578627	51492985	1	1			1		Gain	2914359	48.578627	51.492985	72	70.5
6	CNVR_68	53581208	53787963	1	1		1			Loss	206756	53.581208	53.787963	72	70.5
6	CNVR_69	63402550	67423466	1	1			1		Gain	4020917	63.40255	67.423466	72	70.5
6	CNVR_70	85954909	86207116	53	53	53				Loss	252208	85.954909	86.207116	72	70.5
6	CNVR_71	91636147	91660390	1	1			1		Gain	24244	91.636147	91.66039	72	70.5
6	CNVR_72	96654485	97475077	1	1			1		Gain	820593	96.654485	97.475077	72	70.5
6	CNVR_73	104320493	104423445	1	1			1		Gain	102953	104.320493	104.423445	72	70.5
7	CNVR_74	169828	233662	25	25	23	2			Loss	63835	0.169828	0.233662	69	67.5
7	CNVR_75	9434503	11402583	42	34	3		38	1	Mixed	1968081	9.434503	11.402583	69	67.5
7	CNVR_76	15612804	15734286	1	1	1				Loss	121483	15.612804	15.734286	69	67.5
7	CNVR_77	22890277	23166779	1	1		1			Loss	276503	22.890277	23.166779	69	67.5
7	CNVR_78	23868219	24693994	1	1		1			Loss	825776	23.868219	24.693994	69	67.5
7	CNVR_79	28542358	28657444	1	1	1				Loss	115087	28.542358	28.657444	69	67.5
7	CNVR_80	29560140	29642778	1	1	1				Loss	82639	29.56014	29.642778	69	67.5
7	CNVR_81	33119399	35366992	6	6			6		Gain	2247594	33.119399	35.366992	69	67.5
7	CNVR_82	41466011	41525995	1	1				1	Gain	59985	41.466011	41.525995	69	67.5
7	CNVR_83	66064958	66112882	2	2	2				Loss	47925	66.064958	66.112882	69	67.5
7	CNVR_84	70621019	70822690	2	2			2		Gain	201672	70.621019	70.82269	69	67.5
7	CNVR_85	77854696	82546140	2	2	1		1		Mixed	4691445	77.854696	82.54614	69	67.5
7	CNVR_86	86053351	88572978	10	10	8		1	1	Mixed	2519628	86.053351	88.572978	69	67.5
7	CNVR_87	93224876	93254737	1	1		1			Loss	29862	93.224876	93.254737	69	67.5
7	CNVR_88	93522200	95027313	1	1			1		Gain	1505114	93.5222	95.027313	69	67.5
7	CNVR_89	105279874	109027529	3	3	2		1		Mixed	3747656	105.279874	109.027529	69	67.5
7	CNVR_90	112516157	112610067	2	2			2		Gain	93911	112.516157	112.610067	69	67.5
8	CNVR_91	1873738	4988343	2	2			2		Gain	3114606	1.873738	4.988343	66	64.5
8	CNVR_92	17466905	21695762	1	1			1		Gain	4228858	17.466905	21.695762	66	64.5
8	CNVR_93	43628838	43816192	1	1	1				Loss	187355	43.628838	43.816192	66	64.5
8	CNVR_94	70894442	71263375	1	1	1				Loss	368934	70.894442	71.263375	66	64.5
8	CNVR_95	83190665	83273697	46	46	46				Loss	83033	83.190665	83.273697	66	64.5
8	CNVR_96	93276825	95307289	2	2			1	1	Gain	2030465	93.276825	95.307289	66	64.5
8	CNVR_97	95829528	96156374	5	5	5				Loss	326847	95.829528	96.156374	66	64.5
9	CNVR_98	2738997	2934964	5	5	5				Loss	195968	2.738997	2.934964	63	61.5
9	CNVR_99	4906838	4966893	1	1	1				Loss	60056	4.906838	4.966893	63	61.5
9	CNVR_100	12860193	12946867	5	5	5				Loss	86675	12.860193	12.946867	63	61.5
9	CNVR_101	15916463	18416803	1	1			1		Gain	2500341	15.916463	18.416803	63	61.5
9	CNVR_102	30939888	30966432	2	2	2				Loss	26545	30.939888	30.966432	63	61.5
9	CNVR_103	35343932	36391522	2	2			2		Gain	1047591	35.343932	36.391522	63	61.5
9	CNVR_104	36407736	36503439	1	1	1				Loss	95704	36.407736	36.503439	63	61.5
9	CNVR_105	46200108	46282758	1	1	1				Loss	82651	46.200108	46.282758	63	61.5
9	CNVR_106	47208243	48175366	1	1		1			Loss	967124	47.208243	48.175366	63	61.5
9	CNVR_107	79155179	80528413	1	1			1		Gain	1373235	79.155179	80.528413	63	61.5
9	CNVR_108	85809578	85927793	1	1	1				Loss	118216	85.809578	85.927793	63	61.5
9	CNVR_109	90547503	90600872	1	1	1				Loss	53370	90.547503	90.600872	63	61.5
9	CNVR_110	95941344	95976235	4	4	4				Loss	34892	95.941344	95.976235	63	61.5
