Interval_ID	Chr	Start	End	Length
ROH_1	1	6.4e+07	6.6e+07	2000001
ROH_2	1	7.6e+07	8e+07	4000001
ROH_3	1	1.54e+08	1.56e+08	2000001
ROH_4	2	8e+07	8.2e+07	2000001
ROH_5	3	8.4e+07	9e+07	6000001
ROH_6	4	2e+06	1.2e+07	10000001
ROH_7	4	1.4e+07	1.6e+07	2000001
ROH_8	4	1.8e+07	2e+07	2000001
ROH_9	4	3e+07	3.8e+07	8000001
ROH_10	4	9.6e+07	1e+08	4000001
ROH_11	5	1e+07	2.6e+07	16000001
ROH_12	5	3.2e+07	3.4e+07	2000001
ROH_13	5	3.6e+07	4e+07	4000001
ROH_14	5	4.2e+07	5e+07	8000001
ROH_15	5	6e+07	8.8e+07	28000001
ROH_16	5	9.6e+07	1e+08	4000001
ROH_17	6	3.2e+07	1.06e+08	74000001
ROH_18	6	1.12e+08	1.16e+08	4000001
ROH_19	7	4e+07	4.4e+07	4000001
ROH_20	8	1.06e+08	1.08e+08	2000001
ROH_21	9	0	2e+06	2000001
ROH_22	9	2e+07	2.4e+07	4000001
ROH_23	11	0	4e+06	4000001
ROH_24	11	1e+07	2.6e+07	16000001
ROH_25	11	2.8e+07	4.2e+07	14000001
ROH_26	11	5.4e+07	6e+07	6000001
ROH_27	11	6.2e+07	7.2e+07	10000001
ROH_28	11	8.6e+07	9.2e+07	6000001
ROH_29	11	1.02e+08	1.04e+08	2000001
ROH_30	12	2e+06	4e+06	2000001
ROH_31	12	8.8e+07	9e+07	2000001
ROH_32	13	3.4e+07	4e+07	6000001
ROH_33	13	4.2e+07	6e+07	18000001
ROH_34	14	5e+07	5.8e+07	8000001
ROH_35	14	6.4e+07	6.6e+07	2000001
ROH_36	14	7.8e+07	8.2e+07	4000001
ROH_37	15	3e+07	3.2e+07	2000001
ROH_38	15	3.4e+07	3.6e+07	2000001
ROH_39	16	1.6e+07	3.8e+07	22000001
ROH_40	16	4e+07	4.6e+07	6000001
ROH_41	16	4.8e+07	5e+07	2000001
ROH_42	17	4e+07	4.8e+07	8000001
ROH_43	17	6e+07	6.2e+07	2000001
ROH_44	18	3.6e+07	4.2e+07	6000001
ROH_45	19	2.8e+07	4e+07	12000001
ROH_46	19	4.4e+07	5.6e+07	12000001
ROH_47	20	2.2e+07	2.8e+07	6000001
ROH_48	21	8e+06	1e+07	2000001
ROH_49	21	2.6e+07	2.8e+07	2000001
ROH_50	21	3.2e+07	3.6e+07	4000001
ROH_51	21	4.4e+07	5e+07	6000001
ROH_52	21	6.8e+07	7e+07	2000001
ROH_53	22	4e+06	1e+07	6000001
ROH_54	23	0	2e+06	2000001
ROH_55	24	3.4e+07	3.6e+07	2000001
ROH_56	24	6e+07	6.2e+07	2000001
ROH_57	25	0	4e+06	4000001
ROH_58	27	2e+06	4e+06	2000001
ROH_59	29	2.6e+07	3e+07	4000001
ROH_60	29	3.2e+07	3.4e+07	2000001
