Sample_ID	n	total_length	min_length	max_length	means	F_roh
201094560008_R01C01	56	284.732613	1.186547	21.759214	5.08451094642857	0.114378651201541
201094560008_R01C02	37	176.32125	1.244678	17.423946	4.76543918918919	0.0708292125046096
201094560008_R02C01	59	257.884124	1.106046	14.372632	4.3709173559322	0.103593466019332
201094560008_R02C02	35	170.030389	1.064561	15.482832	4.85801111428572	0.0683021391620263
201094560008_R03C01	71	323.849134	1.106046	22.245802	4.5612554084507	0.130091972076649
201094560008_R03C02	61	279.330051	1.033879	16.000093	4.57918116393443	0.112208412435838
201094560008_R04C01	91	572.777096	1.058141	26.067788	6.2942538021978	0.230087698733744
201094560008_R04C02	54	375.634336	1.094773	32.077386	6.95619140740741	0.150894371543826
201094560008_R05C01	19	51.054007	1.363543	9.672417	2.687053	0.0205086744281522
201094560008_R05C02	61	335.502164	1.189215	30.699451	5.50003547540984	0.13477305809545
201094560008_R06C01	13	60.889636	1.329811	17.45805	4.68381815384615	0.0244597005044617
201094560008_R06C02	52	298.878799	1.094773	29.82218	5.74766921153846	0.120061251650005
201094560008_R07C01	46	231.056217	1.258883	20.798126	5.02296123913044	0.0928165487393277
201094560008_R07C02	44	206.727259	1.011966	24.054321	4.69834679545455	0.0830434729688365
201094560008_R08C01	11	42.114139	1.047742	12.156744	3.82855809090909	0.0169174804550198
201094560008_R08C02	16	50.662333	1.02407	9.582953	3.1663958125	0.0203513368356695
201094560008_R09C01	40	190.223056	1.531281	13.800925	4.7555764	0.0764136441676783
201094560008_R09C02	41	204.879213	1.089095	31.660087	4.99705397560976	0.0823011027618859
201094560008_R10C01	38	155.95401	1.35727	11.891518	4.10405289473684	0.0626475805680598
201094560008_R10C02	75	458.832205	1.108425	26.731085	6.11776273333333	0.184315411511112
201094560008_R11C01	78	556.260968	1.106046	50.510396	7.13155087179487	0.223453079594727
201094560008_R11C02	80	384.693519	1.329447	16.98937	4.8086689875	0.154533495006399
201094560008_R12C01	49	210.153719	1.12173	30.699451	4.28885140816327	0.0844199007305416
201094560008_R12C02	80	416.045709	1.160846	23.728501	5.2005713625	0.167127841564145
201094560026_R01C01	70	259.383751	1.106046	16.41551	3.70548215714286	0.104195874404371
201094560026_R01C02	45	172.317549	1.000253	22.121973	3.82927886666667	0.0692209038694682
201094560026_R03C01	47	194.350128	1.200094	11.792235	4.13510910638298	0.0780715116096901
201094560026_R03C02	54	262.290582	1.102229	17.524786	4.857233	0.105363564348799
201094560026_R05C01	72	440.682829	1.072343	25.245706	6.12059484722222	0.177024707699007
201094560026_R05C02	55	231.704035	1.249915	18.641971	4.21280063636364	0.0930767807804816
201094560026_R07C01	22	46.164967	1.152295	3.723842	2.09840759090909	0.0185447202643543
201094560026_R07C02	44	233.21352	1.13816	17.863213	5.30030727272727	0.0936831491781508
201094560058_R01C01	81	372.67572	1.07742	27.318607	4.60093481481482	0.149705879281076
201094560058_R01C02	51	225.010293	1.203238	17.109505	4.41196652941176	0.0903878679320925
201094560058_R02C01	53	236.267182	1.106067	17.209478	4.45787135849057	0.0949098219400286
201094560058_R02C02	27	61.173838	1.198515	7.761941	2.2656977037037	0.024573866005513
201094560058_R03C01	63	304.326853	1.002041	25.46859	4.83058496825397	0.122249764801441
201094560058_R03C02	17	38.329515	1.137317	5.656769	2.25467735294118	0.0153971762514933
201094560058_R04C01	21	61.886958	1.135443	8.429563	2.946998	0.0248603302179734
201094560058_R04C02	48	234.972221	1.241099	18.670393	4.89525460416667	0.0943896290089203
201094560058_R05C01	45	166.884249	1.072343	12.10933	3.70853886666667	0.0670383174806961
201094560058_R05C02	73	335.674848	1.002041	21.975145	4.5982855890411	0.134842426204695
201094560058_R06C02	20	66.776899	1.375354	7.474811	3.33884495	0.0268246463184094
201094560058_R07C01	72	345.810514	1.308571	16.225235	4.80292380555556	0.138913978788344
201094560058_R07C02	22	60.860717	1.135443	9.565481	2.76639622727273	0.0244480835836628
201094560058_R08C01	37	171.082502	1.151511	13.491634	4.62385140540541	0.0687247787205359
201094560058_R08C02	58	284.078298	1.094773	22.858394	4.89790168965517	0.114115809279879
201094560058_R09C01	41	223.742894	1.055621	23.01698	5.45714375609756	0.0898787468074457
201094560058_R09C02	95	647.974471	1.259229	29.376743	6.82078390526316	0.260294896412208
201094560058_R10C01	67	275.00969	1.135443	19.350736	4.10462223880597	0.11047289974315
201094560058_R10C02	41	205.367614	1.227242	30.692808	5.00896619512195	0.0824972961204088
201094560058_R11C01	40	255.50678	1.288735	29.408243	6.3876695	0.10263847390481
201094560058_R11C02	48	158.424869	1.011966	11.048569	3.30051810416667	0.0636401381706172
201094560058_R12C01	41	211.672003	1.256373	20.403687	5.16273178048781	0.0850298037347362
201094560058_R12C02	29	73.060507	1.237175	5.70787	2.51932782758621	0.0293488060911406
201094560059_R02C01	8	25.199448	1.115822	6.515723	3.149931	0.0101227563744634
201094560059_R02C02	39	164.723022	1.325257	16.919037	4.22366723076923	0.0661701407495664
201094560059_R04C01	23	85.90311	1.048365	10.906236	3.73491782608696	0.0345077501038409
201094560059_R04C02	38	156.998473	1.417651	21.72666	4.13153876315789	0.0630671470796413
201094560059_R06C01	67	348.959206	1.135443	15.34172	5.20834635820896	0.140178825622061
201094560059_R06C02	38	167.413843	1.040674	19.744186	4.40562744736842	0.0672510582930892
201094560059_R07C01	19	72.20731	1.147952	10.319898	3.80038473684211	0.0290060721800476
201094560059_R07C02	24	81.396817	1.202515	12.796249	3.39153404166667	0.0326975475076987
201094560059_R08C01	56	196.861194	1.07742	11.028418	3.51537846428571	0.0790802205845136
201094560059_R08C02	61	274.082683	1.12173	27.625145	4.49315873770492	0.11010051595052
201094560059_R09C01	13	66.036561	1.97205	16.098027	5.07973546153846	0.0265272484861729
201094560059_R09C02	16	53.609858	1.13482	17.995771	3.350616125	0.0215353737829328
201094560059_R10C01	88	721.227963	1.332657	32.60458	8.19577230681818	0.289721225635558
201094560059_R10C02	65	326.583992	1.293037	18.587513	5.02436910769231	0.131190579524429
201094560059_R11C01	67	270.566619	1.030036	24.908111	4.03830774626866	0.108688093770914
201094560059_R11C02	48	218.936041	1.376267	13.33911	4.56116752083333	0.0879478076119975
201094560059_R12C01	80	389.12149	1.020993	23.762282	4.864018625	0.156312235225875
201094560059_R12C02	71	363.322072	1.241099	23.728501	5.11721228169014	0.145948467614102
201094560060_R02C01	21	75.96915	1.002778	12.27021	3.61757857142857	0.0305172239258998
201094560060_R02C02	19	64.440273	1.027181	13.054644	3.39159331578947	0.0258860108476548
201094560060_R04C01	27	141.820591	1.142196	23.051048	5.25261448148148	0.056970108693469
201094560060_R04C02	13	44.929788	1.267493	9.833332	3.45613753846154	0.0180485420902986
201094560060_R06C01	22	51.057523	1.145577	3.502714	2.3207965	0.0205100868246226
201094560060_R06C02	67	357.7262	1.110675	28.861552	5.33919701492537	0.143700575161907
201094560060_R07C01	35	201.362917	1.15935	25.773732	5.7532262	0.0808885873866086
201094560060_R07C02	12	25.676315	1.298732	4.553441	2.13969291666667	0.0103143164619709
201094560060_R08C01	66	364.070687	1.247084	27.596921	5.51622253030303	0.146249190362603
201094560060_R08C02	28	121.480503	1.216835	15.340157	4.33858939285714	0.0487993838641336
201094560060_R09C01	11	31.047447	1.152423	3.867958	2.82249518181818	0.0124719296244134
201094560060_R09C02	28	92.981832	1.052018	10.712065	3.32077971428571	0.0373513115282242
201094560060_R10C01	54	288.401732	1.241298	26.637607	5.34077281481481	0.115852556413509
201094560060_R10C02	78	497.634427	1.450765	34.436264	6.37992855128205	0.199902476755312
201094560060_R11C01	13	42.58081	1.214753	6.689573	3.27544692307692	0.0171049447534452
201094560060_R11C02	86	517.190738	1.010099	37.724519	6.01384579069767	0.207758354068031
201094560060_R12C01	23	51.395786	1.1222	5.777389	2.23459939130435	0.0206459689256708
201094560060_R12C02	81	392.93831	1.110295	20.957824	4.85109024691358	0.157845472739061
201094560067_R02C01	23	69.63039	1.123745	10.080836	3.02740826086957	0.0279709092924922
201094560067_R02C02	23	73.192391	1.17661	7.006245	3.18227786956522	0.029401784616769
201094560067_R04C01	9	32.183796	1.429752	7.855408	3.57597733333333	0.0129284072458028
201094560067_R04C02	23	83.678233	1.163601	14.129867	3.63818404347826	0.033614004818859
201094560067_R06C01	47	187.750771	1.220929	16.070661	3.99469725531915	0.0754205137331053
201094560067_R06C02	45	232.979367	1.476288	30.692808	5.17731926666667	0.0935890886347075
201094560067_R07C01	33	147.39333	1.037708	14.702315	4.46646454545455	0.0592087084927769
201094560067_R07C02	16	62.538471	1.452593	15.834753	3.9086544375	0.0251220465608789
201094560067_R08C01	60	348.362868	1.073747	23.69978	5.8060478	0.139939273379058
201094560067_R08C02	63	287.274697	1.097311	17.420294	4.55991582539683	0.115399820276968
201094560067_R09C01	24	56.948006	1.256369	5.797917	2.37283358333333	0.0228763261302185
201094560067_R09C02	51	225.573921	1.19963	15.126766	4.42301805882353	0.0906142803888188
201094560067_R10C01	62	366.64022	1.375937	27.431957	5.91355193548387	0.147281385851772
201094560067_R10C02	75	442.727609	1.100547	26.759538	5.90303478666667	0.177846107032015
201094560067_R11C01	40	244.341583	1.229391	27.413594	6.108539575	0.0981533530758187
201094560067_R11C02	50	236.152846	1.042455	31.756482	4.72305692	0.0948638925421771
201094560067_R12C01	60	260.186242	1.177137	22.923963	4.33643736666667	0.104518239437355
201094560067_R12C02	15	32.205541	1.405022	3.554446	2.14703606666667	0.0129371423314825
201094560068_R01C01	36	161.41676	1.12173	15.482832	4.48379888888889	0.0648419971832412
201094560068_R03C01	62	290.574936	1.332657	15.655571	4.68669251612903	0.116725544371182
201094560068_R03C02	30	132.047943	1.480163	19.149008	4.4015981	0.053044382430045
201094560068_R05C02	66	253.449136	1.013905	23.890697	3.84013842424242	0.101811907032497
201094560068_R07C01	17	48.372963	1.166366	7.024412	2.84546841176471	0.0194316843591151
201094560068_R07C02	57	278.286845	1.201243	19.338983	4.88222535087719	0.111789350868045
201094560076_R01C01	67	386.056806	1.317114	24.98369	5.76204188059702	0.155081134866188
201094560076_R01C02	70	323.054195	1.000253	14.49838	4.61505992857143	0.129772640723456
201094560076_R03C01	24	61.846926	1.121902	13.87284	2.57695525	0.0248442491441665
201094560076_R03C02	52	216.119598	1.162549	11.792235	4.15614611538462	0.086816427022567
201094560076_R05C01	66	345.697758	1.203238	20.422466	5.23784481818182	0.138868684085152
201094560076_R05C02	64	379.721163	1.134419	23.728501	5.933143171875	0.152536072348764
201094560076_R07C01	48	220.920601	1.223118	34.584284	4.60251252083333	0.0887450162409526
201094560076_R07C02	89	512.034151	1.205644	38.622043	5.75319270786517	0.205686924807965
201094560078_R02C01	39	200.723004	1.302466	19.008532	5.14674369230769	0.0806315308272803
201094560078_R02C02	10	44.870426	1.537199	10.251454	4.4870426	0.018024696049548
201094560078_R04C01	20	68.62167	1.298732	6.538567	3.4310835	0.0275657009399105
201094560078_R04C02	49	227.424035	1.002041	17.578516	4.64130683673469	0.0913574813227037
201094560078_R06C01	69	359.547749	1.094773	23.394035	5.21083694202899	0.144432301378734
201094560078_R06C02	48	239.087938	1.220929	19.713475	4.98099870833333	0.0960429350851977
201094560078_R07C01	10	37.615075	1.28556	6.990263	3.7615075	0.0151101817877983
201094560078_R07C02	23	86.959767	1.32835	10.922104	3.78085943478261	0.0349322150120552
201094560078_R08C01	41	169.15431	1.189511	20.178607	4.12571487804878	0.067950213426122
201094560078_R08C02	56	267.914049	1.139486	22.412233	4.78417944642857	0.107622541863737
201094560078_R09C01	48	193.169185	1.393151	16.373708	4.02435802083333	0.0775971203340904
201094560078_R09C02	21	64.632936	1.209274	7.962256	3.07775885714286	0.0259634046307001
201094560078_R10C01	68	301.988534	1.053062	17.851383	4.44100785294118	0.121310449243307
201094560078_R10C02	72	366.689288	1.072674	26.384597	5.09290677777778	0.147301096736304
201094560078_R11C01	64	321.933946	1.111972	17.984153	5.03021790625	0.129322630560307
201094560078_R11C02	13	41.863064	1.315749	7.063503	3.22023569230769	0.0168166222514307
201094560078_R12C01	43	142.125538	1.07742	9.870933	3.30524506976744	0.0570926075747192
201094560078_R12C02	66	397.789685	1.111911	27.974428	6.02711643939394	0.159794296665925
201094560082_R01C01	35	128.315297	1.05078	9.403422	3.66615134285714	0.051544958073999
201094560082_R01C02	36	143.372398	1.091186	8.640093	3.98256661111111	0.0575934780704961
201094560082_R02C01	53	263.617424	1.135443	24.702015	4.97391366037736	0.105896564052341
201094560082_R02C02	50	305.24246	1.000086	28.853644	6.1048492	0.12261756915159
201094560082_R03C01	64	295.770211	1.105066	24.98369	4.621409546875	0.11881251481289
201094560082_R03C02	55	240.969946	1.140346	14.060362	4.38127174545455	0.0967989480136869
201094560082_R04C01	72	391.537187	1.255634	20.572628	5.43801648611111	0.157282633950701
201094560082_R04C02	65	386.143778	1.260187	20.271354	5.94067350769231	0.155116071995263
201094560082_R05C01	47	220.184678	1.072343	20.912973	4.68478038297872	0.0884493919384137
201094560082_R05C02	29	114.509645	1.356995	11.810743	3.94860844827586	0.0459991519997301
201094560082_R06C01	28	115.130782	1.042455	14.506429	4.11181364285714	0.046248666136951
201094560082_R06C02	10	38.745648	1.281245	17.604956	3.8745648	0.0155643391583306
201094560082_R07C01	46	227.023452	1.043201	16.919003	4.93529243478261	0.0911965649360927
201094560082_R07C02	26	58.522355	1.1617	5.958603	2.25085980769231	0.0235087507521935
201094560082_R08C01	14	50.460573	1.168303	10.07432	3.60432664285714	0.0202702887378655
201094560082_R08C02	15	51.849536	1.339759	7.801818	3.45663573333333	0.0208282427875789
201094560082_R09C01	21	54.79338	1.27176	5.125521	2.60920857142857	0.0220108010569675
201094560082_R09C02	47	243.545328	1.405014	25.086976	5.1818154893617	0.0978334930782129
201094560082_R10C01	44	168.81661	1.072343	17.125345	3.83674113636364	0.0678145574852594
201094560082_R10C02	61	318.197746	1.39388	17.827203	5.21635649180328	0.127821778542982
201094560082_R11C01	69	297.520672	1.312758	30.776687	4.31189379710145	0.119515684590497
201094560082_R11C02	61	382.570126	1.4251	22.03475	6.27164140983607	0.15368051640043
201094560082_R12C01	49	303.088675	1.255265	27.534385	6.18548316326531	0.121752381912648
201094560082_R12C02	55	259.311443	1.181596	27.413594	4.71475350909091	0.104166827884466
201094560084_R01C01	90	488.577655	1.098753	40.247617	5.42864061111111	0.196264321804654
201094560084_R01C02	85	515.390494	1.172241	29.38245	6.06341757647059	0.207035186186473
201094560084_R02C01	68	399.251964	1.071342	23.060101	5.87135241176471	0.160381702154668
201094560084_R02C02	47	218.467961	1.154956	16.63846	4.6482544893617	0.0877597773105497
201094560084_R03C01	33	160.800914	1.106172	15.389186	4.87275496969697	0.064594608469719
201094560084_R03C02	66	591.290064	1.229742	54.001598	8.95894036363636	0.23752445944502
201094560084_R04C01	65	288.799154	1.109275	32.828646	4.44306390769231	0.116012203009095
201094560084_R04C02	13	31.408228	1.022171	7.247094	2.41601753846154	0.012616857329478
201094560084_R05C01	54	248.248462	1.066412	19.645932	4.59719374074074	0.0997227677828991
201094560084_R05C02	57	312.106661	1.135443	25.323753	5.47555545614035	0.125374956314529
201094560084_R06C01	17	54.832079	1.166486	9.816129	3.22541641176471	0.0220263466573685
201094560084_R06C02	9	25.277229	1.945837	4.670688	2.808581	0.0101540014284647
201094560084_R07C01	31	80.661956	1.089549	7.107927	2.60199858064516	0.0324023498163804
201094560084_R07C02	48	342.871018	1.152072	41.339737	7.14314620833333	0.137733167134386
201094560084_R08C01	16	56.621749	1.472264	12.309511	3.5388593125	0.0227452669051726
201094560084_R08C02	19	57.759088	1.157121	7.826813	3.039952	0.023202142214988
201094560084_R09C01	37	185.067325	1.447073	34.104967	5.0018195945946	0.0743425587675033
201094560084_R09C02	13	36.893589	1.135443	7.863352	2.83796838461538	0.0148203569072856
201094560084_R10C01	73	344.228345	1.112004	15.482832	4.71545678082192	0.138278412829509
201094560084_R10C02	37	145.890719	1.130042	19.790455	3.94299240540541	0.0586051014185827
201094560084_R11C01	59	267.778427	1.257515	15.999572	4.53861740677966	0.107568061763021
201094560084_R11C02	47	219.561355	1.166486	29.408243	4.67151819148936	0.0881989996730117
201094560084_R12C01	77	455.017429	1.13482	22.40106	5.90931725974026	0.182782995083928
201094560084_R12C02	73	410.533997	1.16038	33.173587	5.62375338356164	0.164913756645213
201094560086_R01C01	58	230.809879	1.137816	13.368275	3.97948067241379	0.092717593414601
201094560086_R01C02	73	462.935859	1.193099	20.314406	6.34158710958904	0.185963871814174
201094560086_R03C01	57	202.204624	1.257515	11.676492	3.54744954385965	0.0812267057017273
201094560086_R03C02	58	192.598072	1.045313	14.741028	3.3206564137931	0.0773677011118404
201094560086_R05C01	56	276.22652	1.15935	20.792437	4.93261642857143	0.110961707023338
201094560086_R05C02	62	357.988637	1.027181	29.090566	5.77401027419355	0.143805997543169
201094560086_R07C01	63	373.54446	1.045201	19.943422	5.92927714285714	0.150054856900457
201094560086_R07C02	27	74.977016	1.099705	6.316237	2.77692651851852	0.0301186782604225
201977910001_R12C01	49	325.195301	1.165774	42.023918	6.63663879591837	0.130632734738606
201977910001_R12C02	51	239.624202	1.04155	25.685991	4.69851376470588	0.0962583552731477
201977910016_R03C01	59	468.250569	1.121567	40.540204	7.9364503220339	0.18809881994998
201977910016_R03C02	53	273.03234	1.363543	19.183885	5.15155358490566	0.109678587410711
201977910016_R05C02	61	272.418929	1.12173	27.625145	4.46588408196721	0.109432176850035
201977910016_R07C01	62	274.459195	1.021233	18.434494	4.42676120967742	0.110251762884502
201977910016_R07C02	4	11.294916	1.824417	4.569607	2.823729	0.00453722966225407
201977910032_R03C01	47	176.572573	1.081467	11.373936	3.75686325531915	0.070930170331158
201977910032_R03C02	18	50.603112	1.19183	6.077028	2.811284	0.0203275474353917
201977910032_R05C02	55	279.54928	1.181616	17.348114	5.08271418181818	0.112296477926686
201977910032_R07C01	18	79.036507	1.337267	19.405951	4.39091705555556	0.031749398044337
201977910040_R08C01	18	71.158212	1.167995	10.059931	3.953234	0.0285846437635626
201977910040_R08C02	60	373.705533	1.045313	34.986339	6.22842555	0.150119560807364
201977910056_R12C01	38	196.711575	1.419469	19.782957	5.17662039473684	0.0790201178121834
201977910056_R12C02	54	315.216747	1.139486	29.826828	5.83734716666667	0.126624294906455
201977910057_R10C02	53	328.1932	1.477479	33.777349	6.19232452830189	0.131837007197759
201977910057_R12C01	24	111.65359	1.07742	21.29559	4.65223291666667	0.0448518590527945
201977910057_R12C02	19	52.29936	1.27673	7.410594	2.75259789473684	0.0210089395537695
201977910060_R03C01	61	273.566135	1.021233	18.434494	4.48469073770492	0.109893015787829
201977910060_R03C02	4	11.294916	1.824417	4.569607	2.823729	0.00453722966225407
201977910060_R05C02	79	398.944944	1.308571	24.98369	5.049936	0.160258370537956
201977910060_R12C02	74	384.217139	1.013905	18.559864	5.1921235	0.154342130549461
201977910067_R01C01	43	168.21262	1.200847	10.956608	3.91192139534884	0.0675719313919175
201977910067_R01C02	8	22.279254	1.490024	5.350112	2.78490675	0.00894969843969557
201977910067_R02C01	43	267.419797	1.154956	23.048192	6.21906504651163	0.107423998126446
201977910067_R02C02	40	232.111289	1.12188	29.778043	5.802782225	0.093240376944355
201977910067_R03C01	21	66.203765	1.292086	7.224207	3.15256023809524	0.0265944152493828
201977910067_R03C02	21	72.285552	1.283193	8.109967	3.44216914285714	0.0290375024202755
201977910067_R04C01	22	100.312595	1.303763	14.879958	4.55966340909091	0.0402961192036912
201977910067_R04C02	38	188.882639	1.076869	22.949242	4.9705957631579	0.0758751913122352
201977910067_R05C01	31	145.472734	1.106046	21.800602	4.69266883870968	0.0584371945531951
201977910067_R05C02	29	100.402082	1.224395	12.157138	3.46214075862069	0.0403320666220506
201977910067_R06C01	20	106.39691	1.354402	17.762375	5.3198455	0.0427402218860394
201977910067_R06C02	37	227.567107	1.023578	40.039531	6.15046235135135	0.0914149541292511
201977910067_R07C01	24	71.974405	1.061078	5.624644	2.99893354166667	0.0289125129650444
201977910067_R07C02	18	79.459497	1.337267	19.405951	4.4144165	0.0319193154456561
201977910067_R08C01	52	242.402313	1.203238	17.432255	4.66158294230769	0.0973743376880885
201977910067_R08C02	56	243.295782	1.189215	15.101501	4.34456753571429	0.0977332490823038
201977910067_R09C01	75	412.348954	1.072674	16.723158	5.49798605333333	0.16564283481951
201977910067_R09C02	16	50.095522	1.15985	6.052872	3.130970125	0.0201236457503979
201977910067_R10C01	38	157.582821	1.460337	13.11227	4.14691634210526	0.0633018828739296
201977910067_R10C02	38	187.38305	1.020031	22.668278	4.93113289473684	0.075272798192004
201977910067_R11C01	14	37.557938	1.502521	5.329196	2.68270985714286	0.0150872295417424
201977910067_R11C02	77	477.141862	1.147749	38.294136	6.19664755844156	0.191670501079383
201977910077_R03C01	24	79.794373	1.202515	12.293967	3.32476554166667	0.0320538369702409
201977910077_R03C02	77	489.996961	1.034092	26.731085	6.3635968961039	0.196834464803771
201977910077_R05C01	20	81.505564	1.448814	14.901877	4.0752782	0.0327412317736181
201977910077_R05C02	42	397.771005	1.055621	42.982851	9.47073821428571	0.159786792807544
201977910077_R12C01	61	380.629878	1.15935	47.292012	6.23983406557377	0.152901108144739
201977910077_R12C02	18	42.718152	1.017626	5.178569	2.37323066666667	0.0171601157875878
201977910080_R01C01	13	37.077367	1.519459	6.069701	2.85210515384615	0.0148941815371341
201977910080_R01C02	43	212.575972	1.106046	28.572197	4.94362725581395	0.0853929330364998
201977910080_R02C01	18	65.465371	1.261742	8.079133	3.63696505555556	0.0262977983326009
201977910080_R02C02	24	88.628691	1.283779	10.875242	3.692862125	0.0356026309298759
201977910080_R03C01	55	234.425003	1.17401	22.63129	4.26227278181818	0.0941698085391337
201977910080_R03C02	29	133.582914	1.454871	13.022512	4.60630737931034	0.0536609886935975
201977910080_R04C01	56	224.351578	1.072343	23.730116	4.00627817857143	0.0901232585063144
201977910080_R04C02	27	108.452327	1.228481	15.206444	4.01675285185185	0.0435658941602467
201977910080_R05C01	35	240.283324	1.110675	27.708932	6.86523782857143	0.0965231281930564
201977910080_R05C02	24	107.866533	1.385504	17.378198	4.494438875	0.0433305774998333
201977910080_R06C01	52	266.416874	1.154428	20.396365	5.12340142307692	0.107021118460536
201977910080_R06C02	57	435.977056	1.011966	33.970717	7.64872028070175	0.175134372893557
201977910080_R07C01	17	70.379822	1.283193	13.994259	4.13998952941177	0.0282719602343711
201977910080_R07C02	45	202.179639	1.155172	19.573035	4.49288086666667	0.0812166690902897
201977910080_R08C01	32	124.269813	1.039371	12.329154	3.88343165625	0.0499198649787538
201977910080_R08C02	14	58.312374	1.316559	18.3101	4.16516957142857	0.0234244002336319
201977910080_R09C01	43	229.83591	1.445381	39.162119	5.3450211627907	0.0923263447291822
201977910080_R09C02	29	149.978995	1.013065	24.137025	5.17168948275862	0.0602473842947618
201977910080_R11C02	54	273.159312	1.189215	21.744646	5.05850577777778	0.109729592759018
201977910086_R10C01	28	132.551301	1.561555	14.741645	4.73397503571429	0.0532465840974441
201977910086_R10C02	46	224.58202	1.13482	24.011863	4.88221782608696	0.0902158283207184
201977910086_R12C01	30	110.522374	1.256553	14.321357	3.68407913333333	0.0443974433856381
201977910086_R12C02	22	61.996232	1.311133	5.739182	2.81801054545455	0.0249042261826812
202031420014_R02C01	53	264.822835	1.245304	20.044225	4.99665726415094	0.106380784257644
202031420014_R02C02	50	231.758529	1.189215	20.25566	4.63517058	0.0930986713189517
202031420014_R04C01	32	101.763279	1.142766	8.493506	3.18010246875	0.0408788669173844
202031420014_R04C02	29	111.728971	1.186692	14.53702	3.85272313793103	0.0448821400136419
202031420014_R06C01	64	388.318842	1.045016	23.271226	6.06748190625	0.15598980712513
202031420014_R06C02	43	150.155291	1.226395	9.768335	3.49198351162791	0.0603182033642031
202031420014_R08C01	66	351.440675	1.047443	22.100683	5.32485871212121	0.14117564531977
202031420014_R08C02	69	350.348159	1.061078	21.190249	5.07750955072464	0.14073677565472
202031420014_R10C01	56	308.624598	1.089095	28.285687	5.51115353571429	0.123976192522976
202031420014_R10C02	8	40.992735	1.465102	15.370244	5.124091875	0.0164670063220409
202031420014_R12C01	48	201.566144	1.159417	15.669818	4.19929466666667	0.0809702247863529
202031420014_R12C02	81	324.409384	1.05243	17.819902	4.00505412345679	0.130317027572261
202031420015_R01C01	33	130.302927	1.333852	11.13165	3.94857354545455	0.0523433999387801
202031420015_R01C02	16	51.291	1.354262	13.748467	3.2056875	0.0206038758151608
202031420015_R02C01	27	105.925251	1.198714	12.816874	3.92315744444444	0.0425507538806758
202031420015_R02C02	30	139.833651	1.39388	19.149008	4.6611217	0.0561719440054696
202031420015_R03C01	29	159.18393	1.594949	13.307164	5.48910103448276	0.0639450571345705
202031420015_R04C01	31	136.50904	1.089095	12.641515	4.40351741935484	0.0548364295452774
202031420015_R04C02	47	220.615958	1.167091	28.676842	4.69395655319149	0.0886226394781685
202031420015_R05C01	74	482.121494	1.179456	48.130517	6.51515532432432	0.193670846546096
202031420015_R05C02	88	537.482989	1.165929	40.922394	6.10776123863636	0.215909862512282
202031420015_R06C01	24	59.292048	1.487849	5.327941	2.470502	0.0238179406488186
202031420015_R06C02	45	212.879652	1.161079	20.82554	4.73065893333333	0.0855149229569059
202031420015_R07C01	60	272.321374	1.139486	22.412233	4.53868956666667	0.109392988471856
202031420015_R07C02	59	341.317351	1.033879	30.534108	5.78503984745763	0.137109050585164
202031420015_R08C01	31	218.370435	1.153201	31.446674	7.04420758064516	0.0877206005818302
202031420015_R08C02	27	88.041471	1.269591	13.164979	3.26079522222222	0.0353667414374468
202031420015_R09C01	67	429.818864	1.13482	30.389065	6.41520692537314	0.172660593415404
202031420015_R09C02	56	240.551934	1.255634	16.068588	4.29557025	0.0966310303022512
202031420015_R10C01	8	23.9861	1.664817	7.055482	2.9982625	0.00963534783275876
202031420015_R10C02	36	199.060292	1.305696	19.615941	5.52945255555556	0.0799636103039063
202031420015_R11C01	67	328.728191	1.270974	21.00578	4.90639091044776	0.132051916014632
202031420015_R11C02	46	258.061249	1.045313	36.711579	5.61002715217391	0.103664618102616
202031420015_R12C01	16	49.497353	1.162981	6.304731	3.0935845625	0.0198833579846597
202031420015_R12C02	21	85.959195	1.355593	9.615576	4.093295	0.0345302797557309
202031420032_R02C01	24	107.589929	1.385504	17.378198	4.48291370833333	0.0432194641570251
202031420045_R02C01	52	221.992039	1.097311	15.039722	4.26907767307692	0.0891754187578784
202031420045_R02C02	47	220.608135	1.105925	26.449564	4.69379010638298	0.0886194969361923
202031420045_R04C01	30	142.065925	1.39388	19.149008	4.73553083333333	0.0570686607058929
202031420045_R04C02	15	70.710362	1.680953	13.061046	4.71402413333333	0.0284047399639911
202031420045_R06C01	51	245.40521	1.064099	13.546139	4.8118668627451	0.0985806178712341
202031420045_R06C02	13	34.569914	1.059952	5.754673	2.65922415384615	0.0138869239242126
202031420045_R08C01	35	149.954612	1.030004	14.464866	4.28441748571429	0.0602375895100238
202031420045_R08C02	10	30.401379	1.664817	5.704849	3.0401379	0.0122124005678509
202031420045_R10C01	32	131.761116	1.193078	8.143428	4.117534875	0.0529291624521067
202031420045_R10C02	23	98.367475	1.416741	11.727383	4.27684673913044	0.0395147538388984
202031420045_R12C01	76	442.79368	1.05243	22.014057	5.82623263157895	0.177872648114836
202031420045_R12C02	63	389.092084	1.12774	29.38245	6.17606482539683	0.156300422674507
202031420064_R01C01	38	169.679683	1.283779	21.986364	4.46525481578947	0.0681612586396806
202031420064_R01C02	58	208.349871	1.07742	14.040185	3.59223915517241	0.0836952851024309
202031420064_R02C01	60	280.35301	1.323435	17.338609	4.67255016666667	0.11261934067276
202031420064_R02C02	50	277.477706	1.370234	24.076631	5.54955412	0.111464315297025
202031420064_R04C01	57	376.490454	1.490489	31.630855	6.60509568421053	0.151238278836629
202031420064_R04C02	23	133.020488	1.095787	20.042102	5.78349947826087	0.0534350590868592
202031420064_R05C01	60	282.425626	1.203238	14.598375	4.70709376666667	0.113451921879532
202031420064_R05C02	76	417.894844	1.045201	24.0336	5.49861636842105	0.167870649228364
202031420064_R06C01	35	139.496695	1.365154	13.570672	3.98561985714286	0.0560365869334848
202031420064_R07C01	47	212.730476	1.260284	17.372694	4.52618034042553	0.0854549981401036
202031420064_R07C02	66	331.806452	1.106067	26.812173	5.02737048484848	0.133288470329632
202031420064_R08C01	50	196.556524	1.018092	26.449136	3.93113048	0.0789578329756816
202031420064_R08C02	27	71.113563	1.24414	6.796119	2.63383566666667	0.0285667080155508
202031420064_R09C01	13	34.569914	1.059952	5.754673	2.65922415384615	0.0138869239242126
202031420064_R09C02	70	374.036326	1.105925	35.232644	5.34337608571429	0.15025244216847
202031420064_R10C01	19	81.901438	1.448814	19.983197	4.310602	0.03290025652912
202031420064_R10C02	27	100.288284	1.072343	10.320711	3.71438088888889	0.0402863533417477
202031420064_R11C01	53	287.652007	1.384642	20.120821	5.42739635849057	0.115551387771924
202031420064_R12C01	29	74.624698	1.404448	9.092752	2.57326544827586	0.0299771501888417
202031420064_R12C02	47	213.901681	1.055621	18.755932	4.55109959574468	0.0859254776077314
202031420075_R06C02	27	117.443638	1.229742	20.912973	4.34976437037037	0.0471777530684273
202031420075_R08C01	44	185.505274	1.038037	17.911071	4.21602895454545	0.0745184852811095
202031420083_R01C01	24	111.927237	1.118833	38.294136	4.663634875	0.0449617845524961
202031420083_R01C02	42	228.815361	1.250579	18.460461	5.44798478571429	0.0919163846024682
202031420083_R02C01	51	315.406698	1.000086	24.162014	6.18444505882353	0.126700599264236
202031420083_R02C02	59	280.41344	1.451812	17.338609	4.75277016949153	0.112643615734964
202031420083_R03C02	73	642.318156	1.395115	36.642861	8.79887884931507	0.258022723675637
202031420083_R04C01	67	292.066515	1.333852	18.374875	4.35920171641791	0.117324719830512
202031420083_R04C02	54	313.253407	1.072674	43.660959	5.80098901851852	0.125835610467802
202031420083_R05C01	44	249.305114	1.216835	18.538913	5.66602531818182	0.100147230682586
202031420083_R05C02	58	317.825439	1.256794	34.48941	5.47974894827586	0.127672220780546
202031420083_R06C01	30	164.281797	1.11096	14.496888	5.4760599	0.0659928982488051
202031420083_R06C02	12	29.970116	1.57516	3.77052	2.49750966666667	0.0120391598570893
202031420083_R07C01	59	306.279789	1.071628	22.56543	5.19118286440678	0.123034269896272
202031420083_R07C02	58	256.772996	1.115729	15.525064	4.42712062068965	0.103147119811873
202031420083_R08C01	62	321.840228	1.04286	27.515479	5.19097141935484	0.129284983526058
202031420083_R09C01	43	123.698312	1.247871	8.278398	2.87670493023256	0.0496902898947773
202031420083_R09C02	56	255.468386	1.281245	17.055283	4.56193546428572	0.102623050824581
202031420083_R10C01	52	234.494336	1.310549	16.09091	4.50950646153846	0.0941976599852333
202031420083_R10C02	32	119.275738	1.338064	11.290209	3.7273668125	0.0479137176797813
202031420083_R11C01	75	345.396474	1.105555	13.638906	4.60528632	0.138747656651078
202031420083_R11C02	48	224.837199	1.154956	16.63846	4.6841083125	0.0903183351236008
202031420083_R12C01	46	209.263041	1.21237	15.389184	4.54919654347826	0.0840621104963232
202031420083_R12C02	29	83.81208	1.148053	5.925689	2.89007172413793	0.0336677718923461
202031420084_R01C01	15	52.565522	1.181601	12.247103	3.50436813333333	0.0211158582879473
202031420084_R01C02	15	46.248259	1.063209	11.727383	3.08321726666667	0.0185781791172602
202031420084_R02C01	65	287.431623	1.135443	15.957031	4.42202496923077	0.115462858311246
202031420084_R02C02	83	356.220841	1.061385	22.399661	4.29181736144578	0.143095864201052
202031420084_R03C01	57	324.564609	1.080295	25.933184	5.69411594736842	0.130379382305516
202031420084_R03C02	48	207.770334	1.034148	18.426532	4.328548625	0.0834624819132107
202031420084_R04C01	74	482.138272	1.172241	25.762737	6.51538205405405	0.193677586360653
202031420084_R04C02	33	143.113355	1.106067	26.403349	4.33676833333333	0.057489419077636
202031420084_R05C01	72	374.084836	1.309151	20.213729	5.19562272222222	0.150271928901344
202031420084_R05C02	27	117.443638	1.229742	20.912973	4.34976437037037	0.0471777530684273
202031420084_R06C01	14	44.014902	1.360504	9.235437	3.14392157142857	0.0176810273698012
202031420084_R06C02	26	64.582846	1.135443	5.459832	2.48395561538462	0.0259432832031674
202031420084_R07C01	60	537.120793	1.135443	55.063044	8.95201321666667	0.215764366393962
202031420084_R07C02	67	396.385129	1.23762	49.179121	5.91619595522388	0.159230078822649
202031420084_R08C01	66	366.044944	1.066412	21.116186	5.54613551515152	0.14704226021999
202031420084_R08C02	18	54.133399	1.386901	8.255142	3.00741105555556	0.0217456830720507
202031420084_R09C01	70	382.118844	1.128946	21.105561	5.45884062857143	0.153499233947648
202031420084_R09C02	67	352.934199	1.010099	24.291638	5.2676746119403	0.14177560209626
202031420084_R10C01	54	242.136309	1.120348	16.547766	4.48400572222222	0.0972674824233767
202031420084_R10C02	40	189.233372	1.003033	16.652983	4.7308343	0.0760160826806289
202031420084_R11C01	78	399.84411	1.042114	21.14936	5.12620653846154	0.160619570448295
202031420084_R11C02	79	564.159774	1.143488	44.073642	7.14126296202532	0.226626073256618
202031420084_R12C01	59	246.926273	1.045016	17.175047	4.18519106779661	0.0991916372149598
202031420084_R12C02	10	32.580232	1.180956	5.359089	3.2580232	0.0130876577597849
202036010011_R02C02	16	53.982893	1.402112	9.336551	3.3739308125	0.021685223986959
202036010011_R04C01	42	180.654016	1.166486	19.801905	4.3012860952381	0.0725697083537868
202036010011_R04C02	49	203.083474	1.010099	13.322326	4.14456069387755	0.0815797445635189
202036010011_R06C01	60	353.103828	1.156716	28.668105	5.8850638	0.141843742995261
202036010011_R06C02	28	113.964236	1.081467	15.292666	4.07015128571429	0.0457800582151583
202036010011_R08C01	25	92.705932	1.335584	9.66738	3.70823728	0.0372404809860745
202036010011_R08C02	89	478.650074	1.111972	26.263389	5.37809071910112	0.192276358105975
202036010011_R10C01	5	10.240826	1.471359	2.517524	2.0481652	0.00411379593200894
202036010011_R10C02	27	148.587924	1.241565	47.545938	5.50325644444444	0.0596885834498949
202036010011_R12C01	30	159.43668	1.435882	18.046678	5.314556	0.06404658819484
202036010011_R12C02	54	198.826876	1.364484	8.805617	3.68197918518519	0.0798698458174024
