Sample_ID	n	total_length	Mean	SD	min_length	max_length	Froh_1Mb	Froh_2Mb	Froh_4Mb	Froh_8Mb	Froh_16Mb
201094560008_R01C01	56	284.732613	5.08	4.2	1.186547	21.759214	0.114	0.108	0.083	0.054	0.009
201094560008_R01C02	37	176.32125	4.77	3.63	1.244678	17.423946	0.071	0.063	0.051	0.027	0.007
201094560008_R02C01	59	257.884124	4.37	3.46	1.106046	14.372632	0.104	0.094	0.07	0.044	
201094560008_R02C02	35	170.030389	4.86	3.78	1.064561	15.482832	0.068	0.063	0.052	0.025	
201094560008_R03C01	71	323.849134	4.56	3.99	1.106046	22.245802	0.13	0.121	0.083	0.058	0.016
201094560008_R03C02	61	279.330051	4.58	3.38	1.033879	16.000093	0.112	0.104	0.074	0.038	0.006
201094560008_R04C01	91	572.777096	6.29	5.44	1.058141	26.067788	0.23	0.218	0.191	0.141	0.051
201094560008_R04C02	54	375.634336	6.96	5.83	1.094773	32.077386	0.151	0.148	0.127	0.083	0.042
201094560008_R05C01	19	51.054007	2.69	1.88	1.363543	9.672417	0.021	0.015	0.006	0.004	
201094560008_R05C02	61	335.502164	5.5	5.68	1.189215	30.699451	0.135	0.128	0.101	0.063	0.038
201094560008_R06C01	13	60.889636	4.68	4.92	1.329811	17.45805	0.024	0.022	0.015	0.015	0.007
201094560008_R06C02	52	298.878799	5.75	5.55	1.094773	29.82218	0.12	0.113	0.094	0.065	0.019
201094560008_R07C01	46	231.056217	5.02	4.79	1.258883	20.798126	0.093	0.084	0.066	0.048	0.022
201094560008_R07C02	44	206.727259	4.7	4.65	1.011966	24.054321	0.083	0.075	0.06	0.03	0.018
201094560008_R08C01	11	42.114139	3.83	2.97	1.047742	12.156744	0.017	0.016	0.01	0.005	
201094560008_R08C02	16	50.662333	3.17	2.51	1.02407	9.582953	0.02	0.018	0.01	0.004	
201094560008_R09C01	40	190.223056	4.76	3.6	1.531281	13.800925	0.076	0.071	0.051	0.033	
201094560008_R09C02	41	204.879213	5	6.07	1.089095	31.660087	0.082	0.073	0.06	0.037	0.03
201094560008_R10C01	38	155.95401	4.1	2.58	1.35727	11.891518	0.063	0.059	0.04	0.013	
201094560008_R10C02	75	458.832205	6.12	5.62	1.108425	26.731085	0.184	0.176	0.151	0.099	0.05
201094560008_R11C01	78	556.260968	7.13	8.09	1.106046	50.510396	0.223	0.212	0.184	0.146	0.103
201094560008_R11C02	80	384.693519	4.81	3.39	1.329447	16.98937	0.155	0.146	0.114	0.045	0.014
201094560008_R12C01	49	210.153719	4.29	4.85	1.12173	30.699451	0.084	0.076	0.055	0.034	0.019
201094560008_R12C02	80	416.045709	5.2	3.91	1.160846	23.728501	0.167	0.161	0.124	0.074	0.016
201094560026_R01C01	70	259.383751	3.71	2.73	1.106046	16.41551	0.104	0.092	0.058	0.019	0.007
201094560026_R01C02	45	172.317549	3.83	3.78	1.000253	22.121973	0.069	0.061	0.036	0.023	0.009
201094560026_R03C01	47	194.350128	4.14	3.04	1.200094	11.792235	0.078	0.071	0.044	0.029	
201094560026_R03C02	54	262.290582	4.86	3.47	1.102229	17.524786	0.105	0.1	0.081	0.04	0.007
201094560026_R05C01	72	440.682829	6.12	5.6	1.072343	25.245706	0.177	0.168	0.144	0.106	0.037
201094560026_R05C02	55	231.704035	4.21	3.37	1.249915	18.641971	0.093	0.083	0.06	0.031	0.007
201094560026_R07C01	22	46.164967	2.1	0.75	1.152295	3.723842	0.019	0.012			
201094560026_R07C02	44	233.21352	5.3	4.52	1.13816	17.863213	0.094	0.086	0.069	0.048	0.014
201094560058_R01C01	81	372.67572	4.6	4.61	1.07742	27.318607	0.15	0.132	0.105	0.062	0.032
201094560058_R01C02	51	225.010293	4.41	3.73	1.203238	17.109505	0.09	0.081	0.06	0.035	0.007
201094560058_R02C01	53	236.267182	4.46	3.73	1.106067	17.209478	0.095	0.085	0.069	0.038	0.007
201094560058_R02C02	27	61.173838	2.27	1.44	1.198515	7.761941	0.025	0.014	0.005		
201094560058_R03C01	63	304.326853	4.83	4.45	1.002041	25.46859	0.122	0.116	0.084	0.049	0.025
201094560058_R03C02	17	38.329515	2.25	1.21	1.137317	5.656769	0.015	0.008	0.004		
201094560058_R04C01	21	61.886958	2.95	1.74	1.135443	8.429563	0.025	0.021	0.009	0.003	
201094560058_R04C02	48	234.972221	4.9	4.15	1.241099	18.670393	0.094	0.089	0.069	0.038	0.015
201094560058_R05C01	45	166.884249	3.71	2.75	1.072343	12.10933	0.067	0.056	0.041	0.017	
201094560058_R05C02	73	335.674848	4.6	3.78	1.002041	21.975145	0.135	0.125	0.095	0.041	0.023
201094560058_R06C02	20	66.776899	3.34	1.67	1.375354	7.474811	0.027	0.024	0.013		
201094560058_R07C01	72	345.810514	4.8	3.67	1.308571	16.225235	0.139	0.13	0.092	0.054	0.007
201094560058_R07C02	22	60.860717	2.77	1.91	1.135443	9.565481	0.024	0.018	0.008	0.004	
201094560058_R08C01	37	171.082502	4.62	3.44	1.151511	13.491634	0.069	0.062	0.052	0.021	
201094560058_R08C02	58	284.078298	4.9	4.96	1.094773	22.858394	0.114	0.102	0.077	0.063	0.032
201094560058_R09C01	41	223.742894	5.46	5.71	1.055621	23.01698	0.09	0.083	0.066	0.049	0.033
201094560058_R09C02	95	647.974471	6.82	6.39	1.259229	29.376743	0.26	0.251	0.215	0.171	0.087
201094560058_R10C01	67	275.00969	4.1	3.03	1.135443	19.350736	0.11	0.101	0.077	0.027	0.008
201094560058_R10C02	41	205.367614	5.01	5.25	1.227242	30.692808	0.082	0.075	0.059	0.032	0.012
201094560058_R11C01	40	255.50678	6.39	6.19	1.288735	29.408243	0.103	0.1	0.082	0.054	0.023
201094560058_R11C02	48	158.424869	3.3	1.99	1.011966	11.048569	0.064	0.056	0.026	0.008	
201094560058_R12C01	41	211.672003	5.16	3.95	1.256373	20.403687	0.085	0.08	0.069	0.034	0.008
201094560058_R12C02	29	73.060507	2.52	1.26	1.237175	5.70787	0.029	0.019	0.008		
201094560059_R02C01	8	25.199448	3.15	1.92	1.115822	6.515723	0.01	0.008	0.005		
201094560059_R02C02	39	164.723022	4.22	3.52	1.325257	16.919037	0.066	0.058	0.044	0.024	0.007
201094560059_R04C01	23	85.90311	3.73	2.51	1.048365	10.906236	0.035	0.032	0.02	0.008	
201094560059_R04C02	38	156.998473	4.13	3.81	1.417651	21.72666	0.063	0.057	0.037	0.024	0.009
201094560059_R06C01	67	348.959206	5.21	3.63	1.135443	15.34172	0.14	0.133	0.107	0.059	
201094560059_R06C02	38	167.413843	4.41	3.92	1.040674	19.744186	0.067	0.063	0.041	0.022	0.014
201094560059_R07C01	19	72.20731	3.8	2.43	1.147952	10.319898	0.029	0.027	0.015	0.008	
201094560059_R07C02	24	81.396817	3.39	2.69	1.202515	12.796249	0.033	0.028	0.015	0.005	
201094560059_R08C01	56	196.861194	3.52	2.19	1.07742	11.028418	0.079	0.07	0.043	0.011	
201094560059_R08C02	61	274.082683	4.49	4.52	1.12173	27.625145	0.11	0.099	0.074	0.047	0.018
201094560059_R09C01	13	66.036561	5.08	3.76	1.97205	16.098027	0.027	0.026	0.019	0.006	0.006
201094560059_R09C02	16	53.609858	3.35	3.99	1.13482	17.995771	0.022	0.018	0.007	0.007	0.007
201094560059_R10C01	88	721.227963	8.2	7.99	1.332657	32.60458	0.29	0.281	0.258	0.203	0.128
201094560059_R10C02	65	326.583992	5.02	3.87	1.293037	18.587513	0.131	0.125	0.097	0.053	0.022
201094560059_R11C01	67	270.566619	4.04	3.64	1.030036	24.908111	0.109	0.098	0.062	0.034	0.01
201094560059_R11C02	48	218.936041	4.56	2.7	1.376267	13.33911	0.088	0.083	0.061	0.021	
201094560059_R12C01	80	389.12149	4.86	4.34	1.020993	23.762282	0.156	0.148	0.107	0.058	0.032
201094560059_R12C02	71	363.322072	5.12	4.36	1.241099	23.728501	0.146	0.137	0.109	0.07	0.01
201094560060_R02C01	21	75.96915	3.62	3.78	1.002778	12.27021	0.031	0.022	0.02	0.017	
201094560060_R02C02	19	64.440273	3.39	3.01	1.027181	13.054644	0.026	0.021	0.013	0.009	
201094560060_R04C01	27	141.820591	5.25	5.24	1.142196	23.051048	0.057	0.052	0.042	0.029	0.009
201094560060_R04C02	13	44.929788	3.46	2.35	1.267493	9.833332	0.018	0.018	0.007	0.004	
201094560060_R06C01	22	51.057523	2.32	0.69	1.145577	3.502714	0.021	0.016			
201094560060_R06C02	67	357.7262	5.34	5.54	1.110675	28.861552	0.144	0.134	0.108	0.077	0.037
201094560060_R07C01	35	201.362917	5.75	6.02	1.15935	25.773732	0.081	0.076	0.064	0.041	0.033
201094560060_R07C02	12	25.676315	2.14	0.96	1.298732	4.553441	0.01	0.005	0.002		
201094560060_R08C01	66	364.070687	5.52	5.34	1.247084	27.596921	0.146	0.135	0.118	0.078	0.029
201094560060_R08C02	28	121.480503	4.34	3.39	1.216835	15.340157	0.049	0.045	0.028	0.018	
201094560060_R09C01	11	31.047447	2.82	0.75	1.152423	3.867958	0.012	0.012			
201094560060_R09C02	28	92.981832	3.32	2.3	1.052018	10.712065	0.037	0.031	0.018	0.008	
201094560060_R10C01	54	288.401732	5.34	5.3	1.241298	26.637607	0.116	0.11	0.085	0.051	0.021
201094560060_R10C02	78	497.634427	6.38	6.42	1.450765	34.436264	0.2	0.191	0.161	0.109	0.06
201094560060_R11C01	13	42.58081	3.28	1.91	1.214753	6.689573	0.017	0.015	0.008		
201094560060_R11C02	86	517.190738	6.01	5.98	1.010099	37.724519	0.208	0.196	0.174	0.091	0.045
201094560060_R12C01	23	51.395786	2.23	1.08	1.1222	5.777389	0.021	0.014	0.002		
201094560060_R12C02	81	392.93831	4.85	4.19	1.110295	20.957824	0.158	0.145	0.115	0.074	0.024
201094560067_R02C01	23	69.63039	3.03	2.4	1.123745	10.080836	0.028	0.023	0.012	0.007	
201094560067_R02C02	23	73.192391	3.18	1.8	1.17661	7.006245	0.029	0.024	0.014		
201094560067_R04C01	9	32.183796	3.58	2.31	1.429752	7.855408	0.013	0.011	0.008		
201094560067_R04C02	23	83.678233	3.64	2.92	1.163601	14.129867	0.034	0.028	0.017	0.009	
201094560067_R06C01	47	187.750771	3.99	3.15	1.220929	16.070661	0.075	0.068	0.048	0.017	0.006
201094560067_R06C02	45	232.979367	5.18	5.37	1.476288	30.692808	0.094	0.089	0.07	0.037	0.02
201094560067_R07C01	33	147.39333	4.47	3.79	1.037708	14.702315	0.059	0.054	0.04	0.028	
201094560067_R07C02	16	62.538471	3.91	3.72	1.452593	15.834753	0.025	0.023	0.014	0.01	
201094560067_R08C01	60	348.362868	5.81	5.51	1.073747	23.69978	0.14	0.131	0.112	0.084	0.04
201094560067_R08C02	63	287.274697	4.56	3.68	1.097311	17.420294	0.115	0.106	0.081	0.047	0.007
201094560067_R09C01	24	56.948006	2.37	1.11	1.256369	5.797917	0.023	0.016	0.004		
201094560067_R09C02	51	225.573921	4.42	3.17	1.19963	15.126766	0.091	0.084	0.063	0.027	
201094560067_R10C01	62	366.64022	5.91	5.47	1.375937	27.431957	0.147	0.139	0.121	0.07	0.038
201094560067_R10C02	75	442.727609	5.9	5.25	1.100547	26.759538	0.178	0.169	0.144	0.098	0.031
201094560067_R11C01	40	244.341583	6.11	5.89	1.229391	27.413594	0.098	0.095	0.077	0.052	0.033
201094560067_R11C02	50	236.152846	4.72	5.07	1.042455	31.756482	0.095	0.086	0.066	0.037	0.02
201094560067_R12C01	60	260.186242	4.34	4.22	1.177137	22.923963	0.105	0.089	0.069	0.042	0.023
201094560067_R12C02	15	32.205541	2.15	0.57	1.405022	3.554446	0.013	0.007			
201094560068_R01C01	36	161.41676	4.48	3.38	1.12173	15.482832	0.065	0.058	0.045	0.019	
201094560068_R03C01	62	290.574936	4.69	2.79	1.332657	15.655571	0.117	0.114	0.082	0.04	
201094560068_R03C02	30	132.047943	4.4	4	1.480163	19.149008	0.053	0.05	0.033	0.014	0.014
201094560068_R05C02	66	253.449136	3.84	4.01	1.013905	23.890697	0.102	0.086	0.053	0.032	0.023
201094560068_R07C01	17	48.372963	2.85	1.81	1.166366	7.024412	0.019	0.012	0.008		
201094560068_R07C02	57	278.286845	4.88	3.77	1.201243	19.338983	0.112	0.104	0.08	0.05	0.008
201094560076_R01C01	67	386.056806	5.76	5.1	1.317114	24.98369	0.155	0.15	0.118	0.074	0.034
201094560076_R01C02	70	323.054195	4.62	3.63	1.000253	14.49838	0.13	0.12	0.088	0.051	
201094560076_R03C01	24	61.846926	2.58	2.6	1.121902	13.87284	0.025	0.016	0.009	0.006	
201094560076_R03C02	52	216.119598	4.16	2.4	1.162549	11.792235	0.087	0.081	0.055	0.018	
201094560076_R05C01	66	345.697758	5.24	4.17	1.203238	20.422466	0.139	0.129	0.107	0.061	0.016
201094560076_R05C02	64	379.721163	5.93	5.51	1.134419	23.728501	0.153	0.144	0.121	0.091	0.04
201094560076_R07C01	48	220.920601	4.6	5.65	1.223118	34.584284	0.089	0.079	0.06	0.035	0.023
201094560076_R07C02	89	512.034151	5.75	5.37	1.205644	38.622043	0.206	0.195	0.171	0.109	0.037
201094560078_R02C01	39	200.723004	5.15	4.52	1.302466	19.008532	0.081	0.078	0.051	0.042	0.015
201094560078_R02C02	10	44.870426	4.49	3.17	1.537199	10.251454	0.018	0.017	0.012	0.008	
201094560078_R04C01	20	68.62167	3.43	1.77	1.298732	6.538567	0.028	0.025	0.016		
201094560078_R04C02	49	227.424035	4.64	3.77	1.002041	17.578516	0.091	0.084	0.068	0.035	0.014
201094560078_R06C01	69	359.547749	5.21	4.29	1.094773	23.394035	0.144	0.135	0.113	0.065	0.017
201094560078_R06C02	48	239.087938	4.98	4.32	1.220929	19.713475	0.096	0.088	0.065	0.049	0.008
201094560078_R07C01	10	37.615075	3.76	2.25	1.28556	6.990263	0.015	0.013	0.01		
201094560078_R07C02	23	86.959767	3.78	2.39	1.32835	10.922104	0.035	0.032	0.021	0.008	
201094560078_R08C01	41	169.15431	4.13	3.44	1.189511	20.178607	0.068	0.062	0.043	0.019	0.008
201094560078_R08C02	56	267.914049	4.78	4.38	1.139486	22.412233	0.108	0.098	0.072	0.051	0.016
201094560078_R09C01	48	193.169185	4.02	3.36	1.393151	16.373708	0.078	0.068	0.044	0.031	0.007
201094560078_R09C02	21	64.632936	3.08	1.78	1.209274	7.962256	0.026	0.021	0.01		
201094560078_R10C01	68	301.988534	4.44	3.31	1.053062	17.851383	0.121	0.112	0.087	0.034	0.014
201094560078_R10C02	72	366.689288	5.09	4.45	1.072674	26.384597	0.147	0.138	0.112	0.062	0.019
201094560078_R11C01	64	321.933946	5.03	4.02	1.111972	17.984153	0.129	0.121	0.095	0.058	0.014
201094560078_R11C02	13	41.863064	3.22	1.97	1.315749	7.063503	0.017	0.014	0.01		
201094560078_R12C01	43	142.125538	3.31	2.05	1.07742	9.870933	0.057	0.048	0.029	0.004	
201094560078_R12C02	66	397.789685	6.03	5.06	1.111911	27.974428	0.16	0.154	0.126	0.09	0.033
201094560082_R01C01	35	128.315297	3.67	2.02	1.05078	9.403422	0.052	0.048	0.023	0.011	
201094560082_R01C02	36	143.372398	3.98	2.14	1.091186	8.640093	0.058	0.054	0.037	0.01	
201094560082_R02C01	53	263.617424	4.97	4.24	1.135443	24.702015	0.106	0.1	0.08	0.045	0.017
201094560082_R02C02	50	305.24246	6.1	5.76	1.000086	28.853644	0.123	0.118	0.099	0.075	0.029
201094560082_R03C01	64	295.770211	4.62	4.07	1.105066	24.98369	0.119	0.109	0.085	0.051	0.01
201094560082_R03C02	55	240.969946	4.38	3.11	1.140346	14.060362	0.097	0.09	0.063	0.034	
201094560082_R04C01	72	391.537187	5.44	4.43	1.255634	20.572628	0.157	0.146	0.125	0.072	0.023
201094560082_R04C02	65	386.143778	5.94	4.89	1.260187	20.271354	0.155	0.15	0.127	0.069	0.045
201094560082_R05C01	47	220.184678	4.68	4.47	1.072343	20.912973	0.088	0.082	0.059	0.039	0.023
201094560082_R05C02	29	114.509645	3.95	2.68	1.356995	11.810743	0.046	0.042	0.03	0.008	
201094560082_R06C01	28	115.130782	4.11	2.76	1.042455	14.506429	0.046	0.042	0.031	0.006	
201094560082_R06C02	10	38.745648	3.87	5.02	1.281245	17.604956	0.016	0.012	0.011	0.007	0.007
201094560082_R07C01	46	227.023452	4.94	4.06	1.043201	16.919003	0.091	0.085	0.07	0.04	0.007
201094560082_R07C02	26	58.522355	2.25	1.11	1.1617	5.958603	0.024	0.013	0.004		
201094560082_R08C01	14	50.460573	3.6	2.45	1.168303	10.07432	0.02	0.018	0.011	0.004	
201094560082_R08C02	15	51.849536	3.46	1.65	1.339759	7.801818	0.021	0.02	0.012		
201094560082_R09C01	21	54.79338	2.61	1.16	1.27176	5.125521	0.022	0.017	0.007		
201094560082_R09C02	47	243.545328	5.18	4.75	1.405014	25.086976	0.098	0.091	0.072	0.045	0.017
201094560082_R10C01	44	168.81661	3.84	3.19	1.072343	17.125345	0.068	0.058	0.041	0.019	0.007
201094560082_R10C02	61	318.197746	5.22	4.2	1.39388	17.827203	0.128	0.12	0.093	0.059	0.014
201094560082_R11C01	69	297.520672	4.31	5.12	1.312758	30.776687	0.12	0.104	0.082	0.045	0.031
201094560082_R11C02	61	382.570126	6.27	5.47	1.4251	22.03475	0.154	0.144	0.123	0.088	0.046
201094560082_R12C01	49	303.088675	6.19	5.58	1.255265	27.534385	0.122	0.116	0.1	0.066	0.022
201094560082_R12C02	55	259.311443	4.71	4.84	1.181596	27.413594	0.104	0.096	0.066	0.046	0.019
201094560084_R01C01	90	488.577655	5.43	5.49	1.098753	40.247617	0.196	0.186	0.152	0.082	0.041
201094560084_R01C02	85	515.390494	6.06	5.46	1.172241	29.38245	0.207	0.197	0.174	0.107	0.057
201094560084_R02C01	68	399.251964	5.87	5.11	1.071342	23.060101	0.16	0.153	0.125	0.086	0.039
201094560084_R02C02	47	218.467961	4.65	3.96	1.154956	16.63846	0.088	0.077	0.064	0.032	0.007
201094560084_R03C01	33	160.800914	4.87	3.75	1.106172	15.389186	0.065	0.059	0.048	0.025	
201094560084_R03C02	66	591.290064	8.96	11.83	1.229742	54.001598	0.238	0.231	0.207	0.176	0.138
201094560084_R04C01	65	288.799154	4.44	4.46	1.109275	32.828646	0.116	0.108	0.079	0.032	0.013
201094560084_R04C02	13	31.408228	2.42	1.61	1.022171	7.247094	0.013	0.008	0.003		
201094560084_R05C01	54	248.248462	4.6	3.8	1.066412	19.645932	0.1	0.092	0.067	0.039	0.008
201094560084_R05C02	57	312.106661	5.48	4.89	1.135443	25.323753	0.125	0.12	0.097	0.058	0.018
201094560084_R06C01	17	54.832079	3.23	2.02	1.166486	9.816129	0.022	0.02	0.008	0.004	
201094560084_R06C02	9	25.277229	2.81	0.97	1.945837	4.670688	0.01	0.009	0.003		
201094560084_R07C01	31	80.661956	2.6	1.35	1.089549	7.107927	0.032	0.024	0.01		
201094560084_R07C02	48	342.871018	7.14	7.61	1.152072	41.339737	0.138	0.133	0.115	0.087	0.038
201094560084_R08C01	16	56.621749	3.54	2.84	1.472264	12.309511	0.023	0.02	0.008	0.008	
201094560084_R08C02	19	57.759088	3.04	1.99	1.157121	7.826813	0.023	0.019	0.013		
201094560084_R09C01	37	185.067325	5	5.84	1.447073	34.104967	0.074	0.068	0.054	0.029	0.021
201094560084_R09C02	13	36.893589	2.84	1.71	1.135443	7.863352	0.015	0.012	0.003		
201094560084_R10C01	73	344.228345	4.72	3.27	1.112004	15.482832	0.138	0.127	0.101	0.048	
201094560084_R10C02	37	145.890719	3.94	3.55	1.130042	19.790455	0.059	0.051	0.036	0.016	0.008
201094560084_R11C01	59	267.778427	4.54	3.27	1.257515	15.999572	0.108	0.099	0.075	0.037	
201094560084_R11C02	47	219.561355	4.67	4.8	1.166486	29.408243	0.088	0.081	0.06	0.03	0.019
201094560084_R12C01	77	455.017429	5.91	4.81	1.13482	22.40106	0.183	0.174	0.155	0.085	0.041
201094560084_R12C02	73	410.533997	5.62	5.11	1.16038	33.173587	0.165	0.154	0.13	0.088	0.013
201094560086_R01C01	58	230.809879	3.98	2.95	1.137816	13.368275	0.093	0.083	0.061	0.029	
201094560086_R01C02	73	462.935859	6.34	4.78	1.193099	20.314406	0.186	0.179	0.153	0.104	0.043
201094560086_R03C01	57	202.204624	3.55	2.72	1.257515	11.676492	0.081	0.069	0.043	0.021	
201094560086_R03C02	58	192.598072	3.32	2.44	1.045313	14.741028	0.077	0.066	0.038	0.013	
201094560086_R05C01	56	276.22652	4.93	4.31	1.15935	20.792437	0.111	0.102	0.078	0.058	0.008
201094560086_R05C02	62	357.988637	5.77	5.63	1.027181	29.090566	0.144	0.136	0.112	0.081	0.035
201094560086_R07C01	63	373.54446	5.93	4.56	1.045201	19.943422	0.15	0.142	0.127	0.083	0.023
201094560086_R07C02	27	74.977016	2.78	1.2	1.099705	6.316237	0.03	0.024	0.005		
201977910001_R12C01	49	325.195301	6.64	7.71	1.165774	42.023918	0.131	0.124	0.106	0.08	0.046
201977910001_R12C02	51	239.624202	4.7	4.33	1.04155	25.685991	0.096	0.088	0.069	0.035	0.01
201977910016_R03C01	59	468.250569	7.94	9.33	1.121567	40.540204	0.188	0.179	0.158	0.136	0.092
201977910016_R03C02	53	273.03234	5.15	4.14	1.363543	19.183885	0.11	0.102	0.082	0.044	0.008
201977910016_R05C02	61	272.418929	4.47	4.57	1.12173	27.625145	0.109	0.097	0.075	0.047	0.018
201977910016_R07C01	62	274.459195	4.43	3.95	1.021233	18.434494	0.11	0.1	0.072	0.043	0.007
201977910016_R07C02	4	11.294916	2.82	1.2	1.824417	4.569607	0.005	0.004	0.002		
201977910032_R03C01	47	176.572573	3.76	2.83	1.081467	11.373936	0.071	0.062	0.041	0.021	
201977910032_R03C02	18	50.603112	2.81	1.6	1.19183	6.077028	0.02	0.015	0.01		
201977910032_R05C02	55	279.54928	5.08	3.56	1.181616	17.348114	0.112	0.107	0.089	0.039	0.007
201977910032_R07C01	18	79.036507	4.39	4.08	1.337267	19.405951	0.032	0.028	0.021	0.008	0.008
201977910040_R08C01	18	71.158212	3.95	2.91	1.167995	10.059931	0.029	0.026	0.018	0.011	
201977910040_R08C02	60	373.705533	6.23	6.19	1.045313	34.986339	0.15	0.143	0.118	0.094	0.031
201977910056_R12C01	38	196.711575	5.18	4.34	1.419469	19.782957	0.079	0.074	0.058	0.04	0.008
201977910056_R12C02	54	315.216747	5.84	6.19	1.139486	29.826828	0.127	0.118	0.101	0.071	0.032
201977910057_R10C02	53	328.1932	6.19	6.07	1.477479	33.777349	0.132	0.124	0.109	0.079	0.03
201977910057_R12C01	24	111.65359	4.65	4.71	1.07742	21.29559	0.045	0.041	0.03	0.018	0.009
201977910057_R12C02	19	52.29936	2.75	1.73	1.27673	7.410594	0.021	0.017	0.009		
201977910060_R03C01	61	273.566135	4.48	3.96	1.021233	18.434494	0.11	0.1	0.072	0.043	0.007
201977910060_R03C02	4	11.294916	2.82	1.2	1.824417	4.569607	0.005	0.004	0.002		
201977910060_R05C02	79	398.944944	5.05	4.03	1.308571	24.98369	0.16	0.152	0.111	0.061	0.01
201977910060_R12C02	74	384.217139	5.19	3.73	1.013905	18.559864	0.154	0.147	0.117	0.067	0.014
201977910067_R01C01	43	168.21262	3.91	2.48	1.200847	10.956608	0.068	0.061	0.04	0.012	
201977910067_R01C02	8	22.279254	2.78	1.36	1.490024	5.350112	0.009	0.008	0.004		
201977910067_R02C01	43	267.419797	6.22	5.93	1.154956	23.048192	0.107	0.103	0.083	0.059	0.046
201977910067_R02C02	40	232.111289	5.8	5.79	1.12188	29.778043	0.093	0.088	0.075	0.054	0.026
201977910067_R03C01	21	66.203765	3.15	1.65	1.292086	7.224207	0.027	0.023	0.01		
201977910067_R03C02	21	72.285552	3.44	2.21	1.283193	8.109967	0.029	0.022	0.017	0.003	
201977910067_R04C01	22	100.312595	4.56	4.36	1.303763	14.879958	0.04	0.037	0.029	0.024	
201977910067_R04C02	38	188.882639	4.97	5.26	1.076869	22.949242	0.076	0.069	0.055	0.041	0.023
201977910067_R05C01	31	145.472734	4.69	4.53	1.106046	21.800602	0.058	0.052	0.041	0.032	0.009
201977910067_R05C02	29	100.402082	3.46	2.81	1.224395	12.157138	0.04	0.035	0.02	0.009	
201977910067_R06C01	20	106.39691	5.32	4.37	1.354402	17.762375	0.043	0.041	0.032	0.017	0.007
201977910067_R06C02	37	227.567107	6.15	8.37	1.023578	40.039531	0.091	0.086	0.068	0.047	0.038
201977910067_R07C01	24	71.974405	3	1.32	1.061078	5.624644	0.029	0.025	0.011		
201977910067_R07C02	18	79.459497	4.41	4.06	1.337267	19.405951	0.032	0.029	0.021	0.008	0.008
201977910067_R08C01	52	242.402313	4.66	3.72	1.203238	17.432255	0.097	0.09	0.07	0.037	0.007
201977910067_R08C02	56	243.295782	4.34	3.47	1.189215	15.101501	0.098	0.088	0.069	0.041	
201977910067_R09C01	75	412.348954	5.5	4.45	1.072674	16.723158	0.166	0.157	0.125	0.094	0.007
201977910067_R09C02	16	50.095522	3.13	1.55	1.15985	6.052872	0.02	0.017	0.012		
201977910067_R10C01	38	157.582821	4.15	2.84	1.460337	13.11227	0.063	0.056	0.036	0.017	
201977910067_R10C02	38	187.38305	4.93	4.83	1.020031	22.668278	0.075	0.069	0.056	0.038	0.016
201977910067_R11C01	14	37.557938	2.68	1.09	1.502521	5.329196	0.015	0.012	0.004		
201977910067_R11C02	77	477.141862	6.2	5.95	1.147749	38.294136	0.192	0.182	0.157	0.098	0.039
201977910077_R03C01	24	79.794373	3.32	2.5	1.202515	12.293967	0.032	0.027	0.016	0.005	
201977910077_R03C02	77	489.996961	6.36	5.93	1.034092	26.731085	0.197	0.189	0.157	0.114	0.06
201977910077_R05C01	20	81.505564	4.08	3.58	1.448814	14.901877	0.033	0.028	0.021	0.013	
201977910077_R05C02	42	397.771005	9.47	9.07	1.055621	42.982851	0.16	0.157	0.145	0.122	0.066
201977910077_R12C01	61	380.629878	6.24	7.02	1.15935	47.292012	0.153	0.146	0.126	0.085	0.043
201977910077_R12C02	18	42.718152	2.37	1.25	1.017626	5.178569	0.017	0.011	0.004		
201977910080_R01C01	13	37.077367	2.85	1.73	1.519459	6.069701	0.015	0.01	0.007		
201977910080_R01C02	43	212.575972	4.94	4.79	1.106046	28.572197	0.085	0.079	0.059	0.043	0.011
201977910080_R02C01	18	65.465371	3.64	2.11	1.261742	8.079133	0.026	0.023	0.016	0.003	
201977910080_R02C02	24	88.628691	3.69	2.45	1.283779	10.875242	0.036	0.031	0.023	0.004	
201977910080_R03C01	55	234.425003	4.26	4.06	1.17401	22.63129	0.094	0.082	0.063	0.039	0.016
201977910080_R03C02	29	133.582914	4.61	2.98	1.454871	13.022512	0.054	0.05	0.039	0.02	
201977910080_R04C01	56	224.351578	4.01	4.04	1.072343	23.730116	0.09	0.077	0.055	0.032	0.017
201977910080_R04C02	27	108.452327	4.02	3.25	1.228481	15.206444	0.044	0.038	0.027	0.014	
201977910080_R05C01	35	240.283324	6.87	6.07	1.110675	27.708932	0.097	0.095	0.078	0.059	0.026
201977910080_R05C02	24	107.866533	4.49	4.26	1.385504	17.378198	0.043	0.041	0.027	0.017	0.007
201977910080_R06C01	52	266.416874	5.12	4.13	1.154428	20.396365	0.107	0.1	0.081	0.05	0.008
201977910080_R06C02	57	435.977056	7.65	7.7	1.011966	33.970717	0.175	0.169	0.159	0.114	0.065
201977910080_R07C01	17	70.379822	4.14	3.47	1.283193	13.994259	0.028	0.026	0.016	0.01	
201977910080_R07C02	45	202.179639	4.49	4.32	1.155172	19.573035	0.081	0.074	0.056	0.034	0.021
201977910080_R08C01	32	124.269813	3.88	2.73	1.039371	12.329154	0.05	0.044	0.026	0.013	
201977910080_R08C02	14	58.312374	4.17	4.56	1.316559	18.3101	0.023	0.021	0.013	0.011	0.007
201977910080_R09C01	43	229.83591	5.35	6.71	1.445381	39.162119	0.092	0.086	0.065	0.04	0.025
201977910080_R09C02	29	149.978995	5.17	5.44	1.013065	24.137025	0.06	0.056	0.045	0.031	0.016
201977910080_R11C02	54	273.159312	5.06	4.81	1.189215	21.744646	0.11	0.103	0.077	0.049	0.024
201977910086_R10C01	28	132.551301	4.73	3.86	1.561555	14.741645	0.053	0.048	0.036	0.027	
201977910086_R10C02	46	224.58202	4.88	4.48	1.13482	24.011863	0.09	0.082	0.066	0.04	0.01
201977910086_R12C01	30	110.522374	3.68	2.73	1.256553	14.321357	0.044	0.04	0.025	0.006	
201977910086_R12C02	22	61.996232	2.82	1.24	1.311133	5.739182	0.025	0.021	0.006		
202031420014_R02C01	53	264.822835	5	3.94	1.245304	20.044225	0.106	0.1	0.074	0.041	0.015
202031420014_R02C02	50	231.758529	4.64	4.26	1.189215	20.25566	0.093	0.086	0.064	0.034	0.022
202031420014_R04C01	32	101.763279	3.18	1.75	1.142766	8.493506	0.041	0.036	0.017	0.003	
202031420014_R04C02	29	111.728971	3.85	3	1.186692	14.53702	0.045	0.038	0.026	0.013	
202031420014_R06C01	64	388.318842	6.07	5.11	1.045016	23.271226	0.156	0.149	0.127	0.094	0.032
202031420014_R06C02	43	150.155291	3.49	2.04	1.226395	9.768335	0.06	0.052	0.032	0.004	
202031420014_R08C01	66	351.440675	5.32	4.85	1.047443	22.100683	0.141	0.128	0.111	0.074	0.024
202031420014_R08C02	69	350.348159	5.08	4.26	1.061078	21.190249	0.141	0.131	0.107	0.066	0.015
202031420014_R10C01	56	308.624598	5.51	5.41	1.089095	28.285687	0.124	0.116	0.096	0.057	0.033
202031420014_R10C02	8	40.992735	5.12	4.47	1.465102	15.370244	0.016	0.015	0.011	0.006	
202031420014_R12C01	48	201.566144	4.2	3.27	1.159417	15.669818	0.081	0.076	0.05	0.031	
202031420014_R12C02	81	324.409384	4.01	2.93	1.05243	17.819902	0.13	0.118	0.084	0.032	0.007
202031420015_R01C01	33	130.302927	3.95	2.91	1.333852	11.13165	0.052	0.046	0.03	0.02	
202031420015_R01C02	16	51.291	3.21	3.09	1.354262	13.748467	0.021	0.016	0.01	0.006	
202031420015_R02C01	27	105.925251	3.92	2.73	1.198714	12.816874	0.043	0.038	0.023	0.009	
202031420015_R02C02	30	139.833651	4.66	4.16	1.39388	19.149008	0.056	0.052	0.036	0.015	0.015
202031420015_R03C01	29	159.18393	5.49	3.29	1.594949	13.307164	0.064	0.063	0.05	0.029	
202031420015_R04C01	31	136.50904	4.4	3.36	1.089095	12.641515	0.055	0.051	0.035	0.022	
202031420015_R04C02	47	220.615958	4.69	4.7	1.167091	28.676842	0.089	0.082	0.058	0.034	0.012
202031420015_R05C01	74	482.121494	6.52	7.55	1.179456	48.130517	0.194	0.184	0.155	0.117	0.072
202031420015_R05C02	88	537.482989	6.11	6.12	1.165929	40.922394	0.216	0.204	0.176	0.113	0.043
202031420015_R06C01	24	59.292048	2.47	1.09	1.487849	5.327941	0.024	0.016	0.006		
202031420015_R06C02	45	212.879652	4.73	4.29	1.161079	20.82554	0.086	0.079	0.062	0.034	0.016
202031420015_R07C01	60	272.321374	4.54	3.88	1.139486	22.412233	0.109	0.099	0.071	0.049	0.009
202031420015_R07C02	59	341.317351	5.79	6.03	1.033879	30.534108	0.137	0.128	0.109	0.074	0.052
202031420015_R08C01	31	218.370435	7.04	7.9	1.153201	31.446674	0.088	0.082	0.075	0.059	0.034
202031420015_R08C02	27	88.041471	3.26	2.42	1.269591	13.164979	0.035	0.03	0.012	0.005	
202031420015_R09C01	67	429.818864	6.42	6.08	1.13482	30.389065	0.173	0.163	0.139	0.116	0.052
202031420015_R09C02	56	240.551934	4.3	2.75	1.255634	16.068588	0.097	0.092	0.063	0.027	0.006
202031420015_R10C01	8	23.9861	3	2.02	1.664817	7.055482	0.01	0.006	0.005		
202031420015_R10C02	36	199.060292	5.53	4.39	1.305696	19.615941	0.08	0.077	0.057	0.037	0.008
202031420015_R11C01	67	328.728191	4.91	4.19	1.270974	21.00578	0.132	0.122	0.096	0.051	0.016
202031420015_R11C02	46	258.061249	5.61	6.44	1.045313	36.711579	0.104	0.097	0.077	0.061	0.029
202031420015_R12C01	16	49.497353	3.09	1.66	1.162981	6.304731	0.02	0.017	0.009		
202031420015_R12C02	21	85.959195	4.09	2.69	1.355593	9.615576	0.035	0.033	0.022	0.011	
202031420032_R02C01	24	107.589929	4.48	4.26	1.385504	17.378198	0.043	0.041	0.027	0.017	0.007
202031420045_R02C01	52	221.992039	4.27	3.29	1.097311	15.039722	0.089	0.079	0.06	0.038	
202031420045_R02C02	47	220.608135	4.69	5.11	1.105925	26.449564	0.089	0.077	0.061	0.043	0.024
202031420045_R04C01	30	142.065925	4.74	4.25	1.39388	19.149008	0.057	0.053	0.037	0.015	0.015
202031420045_R04C02	15	70.710362	4.71	3.03	1.680953	13.061046	0.028	0.027	0.02	0.009	
202031420045_R06C01	51	245.40521	4.81	3.04	1.064099	13.546139	0.099	0.091	0.074	0.04	
202031420045_R06C02	13	34.569914	2.66	1.48	1.059952	5.754673	0.014	0.011	0.004		
202031420045_R08C01	35	149.954612	4.28	2.98	1.030004	14.464866	0.06	0.054	0.041	0.017	
202031420045_R08C02	10	30.401379	3.04	1.48	1.664817	5.704849	0.012	0.01	0.005		
202031420045_R10C01	32	131.761116	4.12	2.31	1.193078	8.143428	0.053	0.048	0.033	0.01	
202031420045_R10C02	23	98.367475	4.28	2.97	1.416741	11.727383	0.04	0.036	0.023	0.013	
202031420045_R12C01	76	442.79368	5.83	5.09	1.05243	22.014057	0.178	0.169	0.145	0.094	0.034
202031420045_R12C02	63	389.092084	6.18	5.64	1.12774	29.38245	0.156	0.149	0.122	0.1	0.028
202031420064_R01C01	38	169.679683	4.47	3.56	1.283779	21.986364	0.068	0.065	0.045	0.013	0.009
202031420064_R01C02	58	208.349871	3.59	2.82	1.07742	14.040185	0.084	0.07	0.044	0.023	
202031420064_R02C01	60	280.35301	4.67	3.95	1.323435	17.338609	0.113	0.103	0.077	0.045	0.014
202031420064_R02C02	50	277.477706	5.55	4.6	1.370234	24.076631	0.111	0.106	0.086	0.058	0.016
202031420064_R04C01	57	376.490454	6.61	7.26	1.490489	31.630855	0.151	0.145	0.123	0.089	0.061
202031420064_R04C02	23	133.020488	5.78	5.89	1.095787	20.042102	0.053	0.05	0.041	0.028	0.023
202031420064_R05C01	60	282.425626	4.71	3.25	1.203238	14.598375	0.113	0.107	0.076	0.039	
202031420064_R05C02	76	417.894844	5.5	4.65	1.045201	24.0336	0.168	0.158	0.128	0.083	0.026
202031420064_R06C01	35	139.496695	3.99	3.36	1.365154	13.570672	0.056	0.049	0.034	0.023	
202031420064_R07C01	47	212.730476	4.53	3.18	1.260284	17.372694	0.085	0.08	0.054	0.023	0.007
202031420064_R07C02	66	331.806452	5.03	4.95	1.106067	26.812173	0.133	0.124	0.09	0.061	0.032
202031420064_R08C01	50	196.556524	3.93	4.31	1.018092	26.449136	0.079	0.068	0.049	0.025	0.017
202031420064_R08C02	27	71.113563	2.63	1.19	1.24414	6.796119	0.029	0.022	0.004		
202031420064_R09C01	13	34.569914	2.66	1.48	1.059952	5.754673	0.014	0.011	0.004		
202031420064_R09C02	70	374.036326	5.34	5.62	1.105925	35.232644	0.15	0.141	0.109	0.065	0.038
202031420064_R10C01	19	81.901438	4.31	4.58	1.448814	19.983197	0.033	0.028	0.021	0.015	0.008
202031420064_R10C02	27	100.288284	3.71	2.51	1.072343	10.320711	0.04	0.035	0.022	0.008	
202031420064_R11C01	53	287.652007	5.43	4.63	1.384642	20.120821	0.116	0.109	0.085	0.055	0.023
202031420064_R12C01	29	74.624698	2.57	1.64	1.404448	9.092752	0.03	0.022	0.01	0.004	
202031420064_R12C02	47	213.901681	4.55	3.59	1.055621	18.755932	0.086	0.079	0.056	0.026	0.008
202031420075_R06C02	27	117.443638	4.35	4.51	1.229742	20.912973	0.047	0.043	0.033	0.018	0.015
202031420075_R08C01	44	185.505274	4.22	3.75	1.038037	17.911071	0.075	0.068	0.045	0.027	0.007
202031420083_R01C01	24	111.927237	4.66	7.34	1.118833	38.294136	0.045	0.04	0.028	0.015	0.015
202031420083_R01C02	42	228.815361	5.45	4.33	1.250579	18.460461	0.092	0.086	0.073	0.049	0.007
202031420083_R02C01	51	315.406698	6.18	5.48	1.000086	24.162014	0.127	0.122	0.102	0.076	0.033
202031420083_R02C02	59	280.41344	4.75	4.16	1.451812	17.338609	0.113	0.103	0.077	0.052	0.014
202031420083_R03C02	73	642.318156	8.8	8.56	1.395115	36.642861	0.258	0.252	0.226	0.186	0.121
202031420083_R04C01	67	292.066515	4.36	3.26	1.333852	18.374875	0.117	0.107	0.079	0.033	0.007
202031420083_R04C02	54	313.253407	5.8	6.72	1.072674	43.660959	0.126	0.118	0.099	0.068	0.026
202031420083_R05C01	44	249.305114	5.67	4.46	1.216835	18.538913	0.1	0.093	0.08	0.054	0.014
202031420083_R05C02	58	317.825439	5.48	5.42	1.256794	34.48941	0.128	0.119	0.095	0.065	0.021
202031420083_R06C01	30	164.281797	5.48	4.13	1.11096	14.496888	0.066	0.064	0.051	0.037	
202031420083_R06C02	12	29.970116	2.5	0.82	1.57516	3.77052	0.012	0.009			
202031420083_R07C01	59	306.279789	5.19	4.7	1.071628	22.56543	0.123	0.112	0.093	0.057	0.017
202031420083_R07C02	58	256.772996	4.43	2.98	1.115729	15.525064	0.103	0.097	0.068	0.028	
202031420083_R08C01	62	321.840228	5.19	4.95	1.04286	27.515479	0.129	0.118	0.092	0.066	0.018
202031420083_R09C01	43	123.698312	2.88	1.75	1.247871	8.278398	0.05	0.038	0.025	0.003	
202031420083_R09C02	56	255.468386	4.56	3.42	1.281245	17.055283	0.103	0.094	0.074	0.033	0.007
202031420083_R10C01	52	234.494336	4.51	3.33	1.310549	16.09091	0.094	0.084	0.071	0.034	0.006
202031420083_R10C02	32	119.275738	3.73	2.46	1.338064	11.290209	0.048	0.042	0.025	0.008	
202031420083_R11C01	75	345.396474	4.61	3.17	1.105555	13.638906	0.139	0.129	0.098	0.048	
202031420083_R11C02	48	224.837199	4.68	3.89	1.154956	16.63846	0.09	0.081	0.066	0.032	0.007
202031420083_R12C01	46	209.263041	4.55	3.01	1.21237	15.389184	0.084	0.08	0.061	0.019	
202031420083_R12C02	29	83.81208	2.89	1.39	1.148053	5.925689	0.034	0.027	0.012		
202031420084_R01C01	15	52.565522	3.5	3.32	1.181601	12.247103	0.021	0.018	0.011	0.009	
202031420084_R01C02	15	46.248259	3.08	2.49	1.063209	11.727383	0.019	0.017	0.005	0.005	
202031420084_R02C01	65	287.431623	4.42	3.33	1.135443	15.957031	0.115	0.109	0.072	0.031	
202031420084_R02C02	83	356.220841	4.29	3.43	1.061385	22.399661	0.143	0.13	0.093	0.043	0.009
202031420084_R03C01	57	324.564609	5.69	5.19	1.080295	25.933184	0.13	0.122	0.107	0.069	0.01
202031420084_R03C02	48	207.770334	4.33	3.73	1.034148	18.426532	0.083	0.075	0.057	0.036	0.007
202031420084_R04C01	74	482.138272	6.52	5.75	1.172241	25.762737	0.194	0.186	0.157	0.127	0.056
202031420084_R04C02	33	143.113355	4.34	4.79	1.106067	26.403349	0.057	0.051	0.037	0.02	0.011
202031420084_R05C01	72	374.084836	5.2	3.91	1.309151	20.213729	0.15	0.139	0.121	0.046	0.023
202031420084_R05C02	27	117.443638	4.35	4.51	1.229742	20.912973	0.047	0.043	0.033	0.018	0.015
202031420084_R06C01	14	44.014902	3.14	2.07	1.360504	9.235437	0.018	0.015	0.007	0.004	
202031420084_R06C02	26	64.582846	2.48	1.15	1.135443	5.459832	0.026	0.019	0.006		
202031420084_R07C01	60	537.120793	8.95	10.19	1.135443	55.063044	0.216	0.21	0.194	0.159	0.108
202031420084_R07C02	67	396.385129	5.92	7.7	1.23762	49.179121	0.159	0.149	0.126	0.089	0.042
202031420084_R08C01	66	366.044944	5.55	4.14	1.066412	21.116186	0.147	0.142	0.119	0.067	0.016
202031420084_R08C02	18	54.133399	3.01	2.12	1.386901	8.255142	0.022	0.016	0.01	0.003	
202031420084_R09C01	70	382.118844	5.46	4.6	1.128946	21.105561	0.153	0.142	0.125	0.077	0.023
202031420084_R09C02	67	352.934199	5.27	5.07	1.010099	24.291638	0.142	0.129	0.105	0.086	0.025
202031420084_R10C01	54	242.136309	4.48	3.71	1.120348	16.547766	0.097	0.088	0.062	0.038	0.007
202031420084_R10C02	40	189.233372	4.73	3.26	1.003033	16.652983	0.076	0.072	0.053	0.029	0.007
202031420084_R11C01	78	399.84411	5.13	3.92	1.042114	21.14936	0.161	0.15	0.121	0.066	0.015
202031420084_R11C02	79	564.159774	7.14	7.33	1.143488	44.073642	0.227	0.219	0.187	0.146	0.086
202031420084_R12C01	59	246.926273	4.19	3.54	1.045016	17.175047	0.099	0.089	0.064	0.035	0.007
202031420084_R12C02	10	32.580232	3.26	1.6	1.180956	5.359089	0.013	0.011	0.008		
202036010011_R02C02	16	53.982893	3.37	2.5	1.402112	9.336551	0.022	0.018	0.011	0.007	
202036010011_R04C01	42	180.654016	4.3	3.7	1.166486	19.801905	0.073	0.064	0.049	0.025	0.008
202036010011_R04C02	49	203.083474	4.14	3.21	1.010099	13.322326	0.082	0.072	0.058	0.033	
202036010011_R06C01	60	353.103828	5.89	5.4	1.156716	28.668105	0.142	0.134	0.118	0.07	0.041
202036010011_R06C02	28	113.964236	4.07	3.28	1.081467	15.292666	0.046	0.041	0.028	0.014	
202036010011_R08C01	25	92.705932	3.71	2.42	1.335584	9.66738	0.037	0.035	0.018	0.011	
202036010011_R08C02	89	478.650074	5.38	4.64	1.111972	26.263389	0.192	0.18	0.149	0.097	0.026
202036010011_R10C01	5	10.240826	2.05	0.52	1.471359	2.517524	0.004	0.003			
202036010011_R10C02	27	148.587924	5.5	9.05	1.241565	47.545938	0.06	0.054	0.043	0.033	0.026
202036010011_R12C01	30	159.43668	5.31	4.52	1.435882	18.046678	0.064	0.058	0.049	0.035	0.007
202036010011_R12C02	54	198.826876	3.68	1.99	1.364484	8.805617	0.08	0.073	0.045	0.011	
