window_id	number_roh	Chr	Start_win	End_win	prop_roh
Win_355	220	6	3.8e+07	4e+07	0.554
Win_649	170	11	6.6e+07	6.8e+07	0.428
Win_354	150	6	3.6e+07	3.8e+07	0.378
Win_382	143	6	9.2e+07	9.4e+07	0.36
Win_381	142	6	9e+07	9.2e+07	0.358
Win_366	135	6	6e+07	6.2e+07	0.34
Win_380	133	6	8.8e+07	9e+07	0.335
Win_650	132	11	6.8e+07	7e+07	0.332
Win_648	131	11	6.4e+07	6.6e+07	0.33
Win_859	123	16	2.8e+07	3e+07	0.31
Win_371	122	6	7e+07	7.2e+07	0.307
Win_856	117	16	2.2e+07	2.4e+07	0.295
Win_383	116	6	9.4e+07	9.6e+07	0.292
Win_360	115	6	4.8e+07	5e+07	0.29
Win_858	115	16	2.6e+07	2.8e+07	0.29
Win_365	113	6	5.8e+07	6e+07	0.285
Win_370	113	6	6.8e+07	7e+07	0.285
Win_857	111	16	2.4e+07	2.6e+07	0.28
Win_215	110	4	6e+06	8e+06	0.277
Win_1093	109	23	0	2e+06	0.275
Win_361	109	6	5e+07	5.2e+07	0.275
Win_367	109	6	6.2e+07	6.4e+07	0.275
Win_855	107	16	2e+07	2.2e+07	0.27
Win_357	106	6	4.2e+07	4.4e+07	0.267
Win_375	103	6	7.8e+07	8e+07	0.259
Win_1048	101	21	4.4e+07	4.6e+07	0.254
Win_216	101	4	8e+06	1e+07	0.254
Win_1049	100	21	4.6e+07	4.8e+07	0.252
Win_353	99	6	3.4e+07	3.6e+07	0.249
Win_384	99	6	9.6e+07	9.8e+07	0.249
Win_379	98	6	8.6e+07	8.8e+07	0.247
Win_315	96	5	8.4e+07	8.6e+07	0.242
Win_385	96	6	9.8e+07	1e+08	0.242
Win_854	96	16	1.8e+07	2e+07	0.242
Win_369	95	6	6.6e+07	6.8e+07	0.239
Win_229	92	4	3.4e+07	3.6e+07	0.232
Win_853	91	16	1.6e+07	1.8e+07	0.229
Win_228	90	4	3.2e+07	3.4e+07	0.227
Win_321	90	5	9.6e+07	9.8e+07	0.227
Win_322	90	5	9.8e+07	1e+08	0.227
Win_860	90	16	3e+07	3.2e+07	0.227
Win_1002	89	20	2.4e+07	2.6e+07	0.224
Win_372	89	6	7.2e+07	7.4e+07	0.224
Win_626	89	11	2e+07	2.2e+07	0.224
Win_376	88	6	8e+07	8.2e+07	0.222
Win_799	88	14	8e+07	8.2e+07	0.222
Win_296	87	5	4.6e+07	4.8e+07	0.219
Win_311	87	5	7.6e+07	7.8e+07	0.219
Win_377	87	6	8.2e+07	8.4e+07	0.219
Win_214	86	4	4e+06	6e+06	0.217
Win_281	85	5	1.6e+07	1.8e+07	0.214
Win_282	85	5	1.8e+07	2e+07	0.214
Win_283	85	5	2e+07	2.2e+07	0.214
Win_358	85	6	4.4e+07	4.6e+07	0.214
Win_981	85	19	4.8e+07	5e+07	0.214
Win_285	84	5	2.4e+07	2.6e+07	0.212
Win_352	84	6	3.2e+07	3.4e+07	0.212
Win_735	84	13	3.8e+07	4e+07	0.212
Win_982	84	19	5e+07	5.2e+07	0.212
Win_310	83	5	7.4e+07	7.6e+07	0.209
Win_386	83	6	1e+08	1.02e+08	0.209
Win_745	83	13	5.8e+07	6e+07	0.209
Win_983	83	19	5.2e+07	5.4e+07	0.209
Win_1043	82	21	3.4e+07	3.6e+07	0.207
Win_279	82	5	1.2e+07	1.4e+07	0.207
Win_309	82	5	7.2e+07	7.4e+07	0.207
Win_651	82	11	7e+07	7.2e+07	0.207
Win_738	81	13	4.4e+07	4.6e+07	0.204
Win_316	80	5	8.6e+07	8.8e+07	0.202
Win_739	80	13	4.6e+07	4.8e+07	0.202
Win_979	80	19	4.4e+07	4.6e+07	0.202
Win_260	79	4	9.6e+07	9.8e+07	0.199
Win_308	79	5	7e+07	7.2e+07	0.199
Win_373	79	6	7.4e+07	7.6e+07	0.199
Win_744	79	13	5.6e+07	5.8e+07	0.199
Win_980	79	19	4.6e+07	4.8e+07	0.199
Win_291	78	5	3.6e+07	3.8e+07	0.196
Win_307	78	5	6.8e+07	7e+07	0.196
Win_863	78	16	3.6e+07	3.8e+07	0.196
Win_314	77	5	8.2e+07	8.4e+07	0.194
Win_356	77	6	4e+07	4.2e+07	0.194
Win_630	77	11	2.8e+07	3e+07	0.194
Win_741	77	13	5e+07	5.2e+07	0.194
Win_861	77	16	3.2e+07	3.4e+07	0.194
Win_975	77	19	3.6e+07	3.8e+07	0.194
Win_1001	76	20	2.2e+07	2.4e+07	0.191
Win_313	76	5	8e+07	8.2e+07	0.191
Win_635	76	11	3.8e+07	4e+07	0.191
Win_1003	75	20	2.6e+07	2.8e+07	0.189
Win_1064	75	22	4e+06	6e+06	0.189
Win_284	75	5	2.2e+07	2.4e+07	0.189
Win_364	75	6	5.6e+07	5.8e+07	0.189
Win_973	75	19	3.2e+07	3.4e+07	0.189
Win_976	75	19	3.8e+07	4e+07	0.189
Win_227	74	4	3e+07	3.2e+07	0.186
Win_295	74	5	4.4e+07	4.6e+07	0.186
Win_368	74	6	6.4e+07	6.6e+07	0.186
Win_393	74	6	1.14e+08	1.16e+08	0.186
Win_625	74	11	1.8e+07	2e+07	0.186
Win_221	73	4	1.8e+07	2e+07	0.184
Win_312	73	5	7.8e+07	8e+07	0.184
Win_378	73	6	8.4e+07	8.6e+07	0.184
Win_631	73	11	3e+07	3.2e+07	0.184
Win_786	73	14	5.4e+07	5.6e+07	0.184
Win_219	72	4	1.4e+07	1.6e+07	0.181
Win_230	72	4	3.6e+07	3.8e+07	0.181
Win_280	72	5	1.4e+07	1.6e+07	0.181
Win_660	72	11	8.8e+07	9e+07	0.181
Win_787	72	14	5.6e+07	5.8e+07	0.181
Win_1066	71	22	8e+06	1e+07	0.179
Win_278	71	5	1e+07	1.2e+07	0.179
Win_392	71	6	1.12e+08	1.14e+08	0.179
Win_624	71	11	1.6e+07	1.8e+07	0.179
Win_627	71	11	2.2e+07	2.4e+07	0.179
Win_740	71	13	4.8e+07	5e+07	0.179
Win_742	71	13	5.2e+07	5.4e+07	0.179
Win_974	71	19	3.4e+07	3.6e+07	0.179
Win_363	70	6	5.4e+07	5.6e+07	0.176
Win_374	70	6	7.6e+07	7.8e+07	0.176
Win_647	70	11	6.2e+07	6.4e+07	0.176
Win_737	70	13	4.2e+07	4.4e+07	0.176
Win_819	70	15	3.4e+07	3.6e+07	0.176
Win_261	69	4	9.8e+07	1e+08	0.174
Win_362	69	6	5.2e+07	5.4e+07	0.174
Win_40	69	1	7.8e+07	8e+07	0.174
Win_506	69	8	1.06e+08	1.08e+08	0.174
Win_798	69	14	7.8e+07	8e+07	0.174
Win_1152	68	25	0	2e+06	0.171
Win_1153	68	25	2e+06	4e+06	0.171
Win_297	68	5	4.8e+07	5e+07	0.171
Win_733	68	13	3.4e+07	3.6e+07	0.171
Win_869	68	16	4.8e+07	5e+07	0.171
Win_1030	67	21	8e+06	1e+07	0.169
Win_1065	67	22	6e+06	8e+06	0.169
Win_294	67	5	4.2e+07	4.4e+07	0.169
Win_520	67	9	2e+07	2.2e+07	0.169
Win_622	67	11	1.2e+07	1.4e+07	0.169
Win_632	67	11	3.2e+07	3.4e+07	0.169
Win_634	67	11	3.6e+07	3.8e+07	0.169
Win_862	67	16	3.4e+07	3.6e+07	0.169
Win_907	67	17	4.2e+07	4.4e+07	0.169
Win_192	66	3	8.4e+07	8.6e+07	0.166
Win_193	66	3	8.6e+07	8.8e+07	0.166
Win_194	66	3	8.8e+07	9e+07	0.166
Win_306	66	5	6.6e+07	6.8e+07	0.166
Win_644	66	11	5.6e+07	5.8e+07	0.166
Win_743	66	13	5.4e+07	5.6e+07	0.166
Win_909	66	17	4.6e+07	4.8e+07	0.166
Win_1050	65	21	4.8e+07	5e+07	0.164
Win_1150	65	24	6e+07	6.2e+07	0.164
Win_1260	65	29	2.6e+07	2.8e+07	0.164
Win_304	65	5	6.2e+07	6.4e+07	0.164
Win_359	65	6	4.6e+07	4.8e+07	0.164
Win_510	65	9	0	2e+06	0.164
Win_667	65	11	1.02e+08	1.04e+08	0.164
Win_784	65	14	5e+07	5.2e+07	0.164
Win_785	65	14	5.2e+07	5.4e+07	0.164
Win_942	65	18	3.6e+07	3.8e+07	0.164
Win_972	65	19	3e+07	3.2e+07	0.164
Win_1039	64	21	2.6e+07	2.8e+07	0.161
Win_1060	64	21	6.8e+07	7e+07	0.161
Win_1261	64	29	2.8e+07	3e+07	0.161
Win_39	64	1	7.6e+07	7.8e+07	0.161
Win_416	64	7	4e+07	4.2e+07	0.161
Win_521	64	9	2.2e+07	2.4e+07	0.161
Win_628	64	11	2.4e+07	2.6e+07	0.161
Win_636	64	11	4e+07	4.2e+07	0.161
Win_671	64	12	2e+06	4e+06	0.161
Win_867	64	16	4.4e+07	4.6e+07	0.161
Win_944	64	18	4e+07	4.2e+07	0.161
Win_971	64	19	2.8e+07	3e+07	0.161
Win_1263	63	29	3.2e+07	3.4e+07	0.159
Win_217	63	4	1e+07	1.2e+07	0.159
Win_387	63	6	1.02e+08	1.04e+08	0.159
Win_417	63	7	4.2e+07	4.4e+07	0.159
Win_623	63	11	1.4e+07	1.6e+07	0.159
Win_78	63	1	1.54e+08	1.56e+08	0.159
Win_908	63	17	4.4e+07	4.6e+07	0.159
Win_1137	62	24	3.4e+07	3.6e+07	0.156
Win_213	62	4	2e+06	4e+06	0.156
Win_305	62	5	6.4e+07	6.6e+07	0.156
Win_33	62	1	6.4e+07	6.6e+07	0.156
Win_817	62	15	3e+07	3.2e+07	0.156
Win_984	62	19	5.4e+07	5.6e+07	0.156
Win_1042	61	21	3.2e+07	3.4e+07	0.154
Win_289	61	5	3.2e+07	3.4e+07	0.154
Win_617	61	11	2e+06	4e+06	0.154
Win_659	61	11	8.6e+07	8.8e+07	0.154
Win_661	61	11	9e+07	9.2e+07	0.154
Win_734	61	13	3.6e+07	3.8e+07	0.154
Win_865	61	16	4e+07	4.2e+07	0.154
Win_866	61	16	4.2e+07	4.4e+07	0.154
Win_916	61	17	6e+07	6.2e+07	0.154
Win_943	61	18	3.8e+07	4e+07	0.154
Win_1201	60	27	2e+06	4e+06	0.151
Win_121	60	2	8e+07	8.2e+07	0.151
Win_292	60	5	3.8e+07	4e+07	0.151
Win_303	60	5	6e+07	6.2e+07	0.151
Win_388	60	6	1.04e+08	1.06e+08	0.151
Win_616	60	11	0	2e+06	0.151
Win_621	60	11	1e+07	1.2e+07	0.151
Win_633	60	11	3.4e+07	3.6e+07	0.151
Win_643	60	11	5.4e+07	5.6e+07	0.151
Win_645	60	11	5.8e+07	6e+07	0.151
Win_714	60	12	8.8e+07	9e+07	0.151
Win_791	60	14	6.4e+07	6.6e+07	0.151
Win_906	60	17	4e+07	4.2e+07	0.151
Win_1040	59	21	2.8e+07	3e+07	0.149
Win_1051	59	21	5e+07	5.2e+07	0.149
Win_1203	59	27	6e+06	8e+06	0.149
Win_1264	59	29	3.4e+07	3.6e+07	0.149
Win_148	59	2	1.34e+08	1.36e+08	0.149
Win_189	59	3	7.8e+07	8e+07	0.149
Win_218	59	4	1.2e+07	1.4e+07	0.149
Win_222	59	4	2e+07	2.2e+07	0.149
Win_286	59	5	2.6e+07	2.8e+07	0.149
Win_317	59	5	8.8e+07	9e+07	0.149
Win_394	59	6	1.16e+08	1.18e+08	0.149
Win_433	59	7	7.4e+07	7.6e+07	0.149
Win_435	59	7	7.8e+07	8e+07	0.149
Win_439	59	7	8.6e+07	8.8e+07	0.149
Win_670	59	12	0	2e+06	0.149
Win_729	59	13	2.6e+07	2.8e+07	0.149
Win_1046	58	21	4e+07	4.2e+07	0.146
Win_1136	58	24	3.2e+07	3.4e+07	0.146
Win_220	58	4	1.6e+07	1.8e+07	0.146
Win_298	58	5	5e+07	5.2e+07	0.146
Win_320	58	5	9.4e+07	9.6e+07	0.146
Win_629	58	11	2.6e+07	2.8e+07	0.146
Win_709	58	12	7.8e+07	8e+07	0.146
Win_713	58	12	8.6e+07	8.8e+07	0.146
Win_868	58	16	4.6e+07	4.8e+07	0.146
Win_969	58	19	2.4e+07	2.6e+07	0.146
Win_1061	57	21	7e+07	7.2e+07	0.144
Win_1067	57	22	1e+07	1.2e+07	0.144
Win_1081	57	22	3.8e+07	4e+07	0.144
Win_1179	57	26	1e+07	1.2e+07	0.144
Win_1220	57	27	4e+07	4.2e+07	0.144
Win_186	57	3	7.2e+07	7.4e+07	0.144
Win_232	57	4	4e+07	4.2e+07	0.144
Win_403	57	7	1.4e+07	1.6e+07	0.144
Win_467	57	8	2.8e+07	3e+07	0.144
Win_497	57	8	8.8e+07	9e+07	0.144
Win_639	57	11	4.6e+07	4.8e+07	0.144
Win_642	57	11	5.2e+07	5.4e+07	0.144
Win_673	57	12	6e+06	8e+06	0.144
Win_711	57	12	8.2e+07	8.4e+07	0.144
Win_732	57	13	3.2e+07	3.4e+07	0.144
Win_790	57	14	6.2e+07	6.4e+07	0.144
Win_1000	56	20	2e+07	2.2e+07	0.141
Win_1041	56	21	3e+07	3.2e+07	0.141
Win_1044	56	21	3.6e+07	3.8e+07	0.141
Win_1047	56	21	4.2e+07	4.4e+07	0.141
Win_1162	56	25	2e+07	2.2e+07	0.141
Win_137	56	2	1.12e+08	1.14e+08	0.141
Win_176	56	3	5.2e+07	5.4e+07	0.141
Win_177	56	3	5.4e+07	5.6e+07	0.141
Win_34	56	1	6.6e+07	6.8e+07	0.141
Win_402	56	7	1.2e+07	1.4e+07	0.141
Win_662	56	11	9.2e+07	9.4e+07	0.141
Win_666	56	11	1e+08	1.02e+08	0.141
Win_680	56	12	2e+07	2.2e+07	0.141
Win_715	56	12	9e+07	9.2e+07	0.141
Win_783	56	14	4.8e+07	5e+07	0.141
Win_789	56	14	6e+07	6.2e+07	0.141
Win_79	56	1	1.56e+08	1.58e+08	0.141
Win_818	56	15	3.2e+07	3.4e+07	0.141
Win_852	56	16	1.4e+07	1.6e+07	0.141
Win_864	56	16	3.8e+07	4e+07	0.141
Win_888	56	17	4e+06	6e+06	0.141
Win_970	56	19	2.6e+07	2.8e+07	0.141
Win_1033	55	21	1.4e+07	1.6e+07	0.139
Win_1063	55	22	2e+06	4e+06	0.139
Win_1068	55	22	1.2e+07	1.4e+07	0.139
Win_1161	55	25	1.8e+07	2e+07	0.139
Win_1202	55	27	4e+06	6e+06	0.139
Win_1216	55	27	3.2e+07	3.4e+07	0.139
Win_184	55	3	6.8e+07	7e+07	0.139
Win_323	55	5	1e+08	1.02e+08	0.139
Win_463	55	8	2e+07	2.2e+07	0.139
Win_512	55	9	4e+06	6e+06	0.139
Win_618	55	11	4e+06	6e+06	0.139
Win_663	55	11	9.4e+07	9.6e+07	0.139
Win_754	55	13	7.6e+07	7.8e+07	0.139
Win_77	55	1	1.52e+08	1.54e+08	0.139
Win_1027	54	21	2e+06	4e+06	0.136
Win_1028	54	21	4e+06	6e+06	0.136
Win_1031	54	21	1e+07	1.2e+07	0.136
Win_1072	54	22	2e+07	2.2e+07	0.136
Win_1077	54	22	3e+07	3.2e+07	0.136
Win_1129	54	24	1.8e+07	2e+07	0.136
Win_1184	54	26	2e+07	2.2e+07	0.136
Win_1194	54	26	4e+07	4.2e+07	0.136
Win_1221	54	27	4.2e+07	4.4e+07	0.136
Win_326	54	5	1.06e+08	1.08e+08	0.136
Win_406	54	7	2e+07	2.2e+07	0.136
Win_418	54	7	4.4e+07	4.6e+07	0.136
Win_46	54	1	9e+07	9.2e+07	0.136
Win_492	54	8	7.8e+07	8e+07	0.136
Win_496	54	8	8.6e+07	8.8e+07	0.136
Win_788	54	14	5.8e+07	6e+07	0.136
Win_793	54	14	6.8e+07	7e+07	0.136
Win_812	54	15	2e+07	2.2e+07	0.136
Win_889	54	17	6e+06	8e+06	0.136
Win_919	54	17	6.6e+07	6.8e+07	0.136
Win_945	54	18	4.2e+07	4.4e+07	0.136
Win_1017	53	20	5.4e+07	5.6e+07	0.134
Win_1036	53	21	2e+07	2.2e+07	0.134
Win_1151	53	24	6.2e+07	6.4e+07	0.134
Win_1159	53	25	1.4e+07	1.6e+07	0.134
Win_1160	53	25	1.6e+07	1.8e+07	0.134
Win_1258	53	29	2.2e+07	2.4e+07	0.134
Win_1259	53	29	2.4e+07	2.6e+07	0.134
Win_1262	53	29	3e+07	3.2e+07	0.134
Win_1265	53	29	3.6e+07	3.8e+07	0.134
Win_190	53	3	8e+07	8.2e+07	0.134
Win_191	53	3	8.2e+07	8.4e+07	0.134
Win_243	53	4	6.2e+07	6.4e+07	0.134
Win_253	53	4	8.2e+07	8.4e+07	0.134
Win_405	53	7	1.8e+07	2e+07	0.134
Win_434	53	7	7.6e+07	7.8e+07	0.134
Win_438	53	7	8.4e+07	8.6e+07	0.134
Win_503	53	8	1e+08	1.02e+08	0.134
Win_504	53	8	1.02e+08	1.04e+08	0.134
Win_511	53	9	2e+06	4e+06	0.134
Win_672	53	12	4e+06	6e+06	0.134
Win_694	53	12	4.8e+07	5e+07	0.134
Win_746	53	13	6e+07	6.2e+07	0.134
Win_751	53	13	7e+07	7.2e+07	0.134
Win_81	53	2	0	2e+06	0.134
Win_811	53	15	1.8e+07	2e+07	0.134
Win_821	53	15	3.8e+07	4e+07	0.134
Win_915	53	17	5.8e+07	6e+07	0.134
Win_1059	52	21	6.6e+07	6.8e+07	0.131
Win_1091	52	22	5.8e+07	6e+07	0.131
Win_1130	52	24	2e+07	2.2e+07	0.131
Win_1183	52	26	1.8e+07	2e+07	0.131
Win_1193	52	26	3.8e+07	4e+07	0.131
Win_241	52	4	5.8e+07	6e+07	0.131
Win_247	52	4	7e+07	7.2e+07	0.131
Win_302	52	5	5.8e+07	6e+07	0.131
Win_325	52	5	1.04e+08	1.06e+08	0.131
Win_411	52	7	3e+07	3.2e+07	0.131
Win_413	52	7	3.4e+07	3.6e+07	0.131
Win_450	52	7	1.08e+08	1.1e+08	0.131
Win_505	52	8	1.04e+08	1.06e+08	0.131
Win_665	52	11	9.8e+07	1e+08	0.131
Win_731	52	13	3e+07	3.2e+07	0.131
Win_1034	51	21	1.6e+07	1.8e+07	0.128
Win_1082	51	22	4e+07	4.2e+07	0.128
Win_1131	51	24	2.2e+07	2.4e+07	0.128
Win_1133	51	24	2.6e+07	2.8e+07	0.128
Win_1138	51	24	3.6e+07	3.8e+07	0.128
Win_1149	51	24	5.8e+07	6e+07	0.128
Win_1200	51	27	0	2e+06	0.128
Win_246	51	4	6.8e+07	7e+07	0.128
Win_290	51	5	3.4e+07	3.6e+07	0.128
Win_507	51	8	1.08e+08	1.1e+08	0.128
Win_697	51	12	5.4e+07	5.6e+07	0.128
Win_727	51	13	2.2e+07	2.4e+07	0.128
Win_736	51	13	4e+07	4.2e+07	0.128
Win_820	51	15	3.6e+07	3.8e+07	0.128
Win_940	51	18	3.2e+07	3.4e+07	0.128
Win_967	51	19	2e+07	2.2e+07	0.128
Win_1008	50	20	3.6e+07	3.8e+07	0.126
Win_1021	50	20	6.2e+07	6.4e+07	0.126
Win_1073	50	22	2.2e+07	2.4e+07	0.126
Win_1075	50	22	2.6e+07	2.8e+07	0.126
Win_11	50	1	2e+07	2.2e+07	0.126
Win_1135	50	24	3e+07	3.2e+07	0.126
Win_1154	50	25	4e+06	6e+06	0.126
Win_1171	50	25	3.8e+07	4e+07	0.126
Win_1178	50	26	8e+06	1e+07	0.126
Win_1204	50	27	8e+06	1e+07	0.126
Win_1248	50	29	2e+06	4e+06	0.126
Win_252	50	4	8e+07	8.2e+07	0.126
Win_344	50	6	1.6e+07	1.8e+07	0.126
Win_420	50	7	4.8e+07	5e+07	0.126
Win_443	50	7	9.4e+07	9.6e+07	0.126
Win_45	50	1	8.8e+07	9e+07	0.126
Win_464	50	8	2.2e+07	2.4e+07	0.126
Win_466	50	8	2.6e+07	2.8e+07	0.126
Win_664	50	11	9.6e+07	9.8e+07	0.126
Win_668	50	11	1.04e+08	1.06e+08	0.126
Win_681	50	12	2.2e+07	2.4e+07	0.126
Win_696	50	12	5.2e+07	5.4e+07	0.126
Win_712	50	12	8.4e+07	8.6e+07	0.126
Win_730	50	13	2.8e+07	3e+07	0.126
Win_755	50	13	7.8e+07	8e+07	0.126
Win_887	50	17	2e+06	4e+06	0.126
Win_96	50	2	3e+07	3.2e+07	0.126
Win_966	50	19	1.8e+07	2e+07	0.126
Win_97	50	2	3.2e+07	3.4e+07	0.126
Win_1026	49	21	0	2e+06	0.123
Win_1037	49	21	2.2e+07	2.4e+07	0.123
Win_1038	49	21	2.4e+07	2.6e+07	0.123
Win_1052	49	21	5.2e+07	5.4e+07	0.123
Win_1074	49	22	2.4e+07	2.6e+07	0.123
Win_1076	49	22	2.8e+07	3e+07	0.123
Win_1139	49	24	3.8e+07	4e+07	0.123
Win_205	49	3	1.1e+08	1.12e+08	0.123
Win_206	49	3	1.12e+08	1.14e+08	0.123
Win_212	49	4	0	2e+06	0.123
Win_223	49	4	2.2e+07	2.4e+07	0.123
Win_277	49	5	8e+06	1e+07	0.123
Win_29	49	1	5.6e+07	5.8e+07	0.123
Win_327	49	5	1.08e+08	1.1e+08	0.123
Win_498	49	8	9e+07	9.2e+07	0.123
Win_502	49	8	9.8e+07	1e+08	0.123
Win_526	49	9	3.2e+07	3.4e+07	0.123
Win_652	49	11	7.2e+07	7.4e+07	0.123
Win_675	49	12	1e+07	1.2e+07	0.123
Win_695	49	12	5e+07	5.2e+07	0.123
Win_698	49	12	5.6e+07	5.8e+07	0.123
Win_701	49	12	6.2e+07	6.4e+07	0.123
Win_752	49	13	7.2e+07	7.4e+07	0.123
Win_792	49	14	6.6e+07	6.8e+07	0.123
Win_794	49	14	7e+07	7.2e+07	0.123
Win_795	49	14	7.2e+07	7.4e+07	0.123
Win_824	49	15	4.4e+07	4.6e+07	0.123
Win_10	48	1	1.8e+07	2e+07	0.121
Win_1007	48	20	3.4e+07	3.6e+07	0.121
Win_1058	48	21	6.4e+07	6.6e+07	0.121
Win_1078	48	22	3.2e+07	3.4e+07	0.121
Win_1090	48	22	5.6e+07	5.8e+07	0.121
Win_1146	48	24	5.2e+07	5.4e+07	0.121
Win_1147	48	24	5.4e+07	5.6e+07	0.121
Win_1182	48	26	1.6e+07	1.8e+07	0.121
Win_12	48	1	2.2e+07	2.4e+07	0.121
Win_1236	48	28	2.6e+07	2.8e+07	0.121
Win_1244	48	28	4.2e+07	4.4e+07	0.121
Win_1266	48	29	3.8e+07	4e+07	0.121
Win_136	48	2	1.1e+08	1.12e+08	0.121
Win_183	48	3	6.6e+07	6.8e+07	0.121
Win_185	48	3	7e+07	7.2e+07	0.121
Win_240	48	4	5.6e+07	5.8e+07	0.121
Win_318	48	5	9e+07	9.2e+07	0.121
Win_390	48	6	1.08e+08	1.1e+08	0.121
Win_523	48	9	2.6e+07	2.8e+07	0.121
Win_534	48	9	4.8e+07	5e+07	0.121
Win_646	48	11	6e+07	6.2e+07	0.121
Win_750	48	13	6.8e+07	7e+07	0.121
Win_796	48	14	7.4e+07	7.6e+07	0.121
Win_870	48	16	5e+07	5.2e+07	0.121
Win_925	48	18	2e+06	4e+06	0.121
Win_928	48	18	8e+06	1e+07	0.121
Win_978	48	19	4.2e+07	4.4e+07	0.121
Win_1018	47	20	5.6e+07	5.8e+07	0.118
Win_1023	47	20	6.6e+07	6.8e+07	0.118
Win_1035	47	21	1.8e+07	2e+07	0.118
Win_1086	47	22	4.8e+07	5e+07	0.118
Win_1088	47	22	5.2e+07	5.4e+07	0.118
Win_1116	47	23	4.6e+07	4.8e+07	0.118
Win_1163	47	25	2.2e+07	2.4e+07	0.118
Win_117	47	2	7.2e+07	7.4e+07	0.118
Win_1228	47	28	1e+07	1.2e+07	0.118
Win_1241	47	28	3.6e+07	3.8e+07	0.118
Win_1242	47	28	3.8e+07	4e+07	0.118
Win_1243	47	28	4e+07	4.2e+07	0.118
Win_1247	47	29	0	2e+06	0.118
Win_1252	47	29	1e+07	1.2e+07	0.118
Win_1269	47	29	4.4e+07	4.6e+07	0.118
Win_147	47	2	1.32e+08	1.34e+08	0.118
Win_187	47	3	7.4e+07	7.6e+07	0.118
Win_231	47	4	3.8e+07	4e+07	0.118
Win_250	47	4	7.6e+07	7.8e+07	0.118
Win_31	47	1	6e+07	6.2e+07	0.118
Win_391	47	6	1.1e+08	1.12e+08	0.118
Win_42	47	1	8.2e+07	8.4e+07	0.118
Win_491	47	8	7.6e+07	7.8e+07	0.118
Win_525	47	9	3e+07	3.2e+07	0.118
Win_531	47	9	4.2e+07	4.4e+07	0.118
Win_537	47	9	5.4e+07	5.6e+07	0.118
Win_699	47	12	5.8e+07	6e+07	0.118
Win_748	47	13	6.4e+07	6.6e+07	0.118
Win_850	47	16	1e+07	1.2e+07	0.118
Win_902	47	17	3.2e+07	3.4e+07	0.118
Win_918	47	17	6.4e+07	6.6e+07	0.118
Win_1006	46	20	3.2e+07	3.4e+07	0.116
Win_116	46	2	7e+07	7.2e+07	0.116
Win_1192	46	26	3.6e+07	3.8e+07	0.116
Win_1195	46	26	4.2e+07	4.4e+07	0.116
Win_1196	46	26	4.4e+07	4.6e+07	0.116
Win_1227	46	28	8e+06	1e+07	0.116
Win_203	46	3	1.06e+08	1.08e+08	0.116
Win_208	46	3	1.16e+08	1.18e+08	0.116
Win_226	46	4	2.8e+07	3e+07	0.116
Win_262	46	4	1e+08	1.02e+08	0.116
Win_293	46	5	4e+07	4.2e+07	0.116
Win_301	46	5	5.6e+07	5.8e+07	0.116
Win_32	46	1	6.2e+07	6.4e+07	0.116
Win_324	46	5	1.02e+08	1.04e+08	0.116
Win_412	46	7	3.2e+07	3.4e+07	0.116
Win_508	46	8	1.1e+08	1.12e+08	0.116
Win_522	46	9	2.4e+07	2.6e+07	0.116
Win_564	46	10	2e+06	4e+06	0.116
Win_580	46	10	3.4e+07	3.6e+07	0.116
Win_674	46	12	8e+06	1e+07	0.116
Win_756	46	13	8e+07	8.2e+07	0.116
Win_816	46	15	2.8e+07	3e+07	0.116
Win_82	46	2	2e+06	4e+06	0.116
Win_886	46	17	0	2e+06	0.116
Win_89	46	2	1.6e+07	1.8e+07	0.116
Win_941	46	18	3.4e+07	3.6e+07	0.116
Win_1022	45	20	6.4e+07	6.6e+07	0.113
Win_1045	45	21	3.8e+07	4e+07	0.113
Win_1069	45	22	1.4e+07	1.6e+07	0.113
Win_1087	45	22	5e+07	5.2e+07	0.113
Win_1127	45	24	1.4e+07	1.6e+07	0.113
Win_1128	45	24	1.6e+07	1.8e+07	0.113
Win_1143	45	24	4.6e+07	4.8e+07	0.113
Win_1181	45	26	1.4e+07	1.6e+07	0.113
Win_1215	45	27	3e+07	3.2e+07	0.113
Win_1268	45	29	4.2e+07	4.4e+07	0.113
Win_1270	45	29	4.6e+07	4.8e+07	0.113
Win_181	45	3	6.2e+07	6.4e+07	0.113
Win_188	45	3	7.6e+07	7.8e+07	0.113
Win_2	45	1	2e+06	4e+06	0.113
Win_204	45	3	1.08e+08	1.1e+08	0.113
Win_233	45	4	4.2e+07	4.4e+07	0.113
Win_28	45	1	5.4e+07	5.6e+07	0.113
Win_30	45	1	5.8e+07	6e+07	0.113
Win_328	45	5	1.1e+08	1.12e+08	0.113
Win_329	45	5	1.12e+08	1.14e+08	0.113
Win_389	45	6	1.06e+08	1.08e+08	0.113
Win_397	45	7	2e+06	4e+06	0.113
Win_41	45	1	8e+07	8.2e+07	0.113
Win_432	45	7	7.2e+07	7.4e+07	0.113
Win_444	45	7	9.6e+07	9.8e+07	0.113
Win_458	45	8	1e+07	1.2e+07	0.113
Win_462	45	8	1.8e+07	2e+07	0.113
Win_500	45	8	9.4e+07	9.6e+07	0.113
Win_514	45	9	8e+06	1e+07	0.113
Win_527	45	9	3.4e+07	3.6e+07	0.113
Win_530	45	9	4e+07	4.2e+07	0.113
Win_532	45	9	4.4e+07	4.6e+07	0.113
Win_569	45	10	1.2e+07	1.4e+07	0.113
Win_581	45	10	3.6e+07	3.8e+07	0.113
Win_76	45	1	1.5e+08	1.52e+08	0.113
Win_780	45	14	4.2e+07	4.4e+07	0.113
Win_797	45	14	7.6e+07	7.8e+07	0.113
Win_80	45	1	1.58e+08	1.6e+08	0.113
Win_890	45	17	8e+06	1e+07	0.113
Win_910	45	17	4.8e+07	5e+07	0.113
Win_911	45	17	5e+07	5.2e+07	0.113
Win_920	45	17	6.8e+07	7e+07	0.113
Win_985	45	19	5.6e+07	5.8e+07	0.113
Win_1142	44	24	4.4e+07	4.6e+07	0.111
Win_1145	44	24	5e+07	5.2e+07	0.111
Win_119	44	2	7.6e+07	7.8e+07	0.111
Win_1235	44	28	2.4e+07	2.6e+07	0.111
Win_171	44	3	4.2e+07	4.4e+07	0.111
Win_175	44	3	5e+07	5.2e+07	0.111
Win_182	44	3	6.4e+07	6.6e+07	0.111
Win_244	44	4	6.4e+07	6.6e+07	0.111
Win_276	44	5	6e+06	8e+06	0.111
Win_35	44	1	6.8e+07	7e+07	0.111
Win_396	44	7	0	2e+06	0.111
Win_419	44	7	4.6e+07	4.8e+07	0.111
Win_43	44	1	8.4e+07	8.6e+07	0.111
Win_47	44	1	9.2e+07	9.4e+07	0.111
Win_538	44	9	5.6e+07	5.8e+07	0.111
Win_608	44	10	9e+07	9.2e+07	0.111
Win_620	44	11	8e+06	1e+07	0.111
Win_637	44	11	4.2e+07	4.4e+07	0.111
Win_658	44	11	8.4e+07	8.6e+07	0.111
Win_669	44	11	1.06e+08	1.08e+08	0.111
Win_747	44	13	6.2e+07	6.4e+07	0.111
Win_753	44	13	7.4e+07	7.6e+07	0.111
Win_825	44	15	4.6e+07	4.8e+07	0.111
Win_85	44	2	8e+06	1e+07	0.111
Win_903	44	17	3.4e+07	3.6e+07	0.111
Win_917	44	17	6.2e+07	6.4e+07	0.111
Win_929	44	18	1e+07	1.2e+07	0.111
Win_977	44	19	4e+07	4.2e+07	0.111
Win_98	44	2	3.4e+07	3.6e+07	0.111
Win_1071	43	22	1.8e+07	2e+07	0.108
Win_1121	43	24	2e+06	4e+06	0.108
Win_1132	43	24	2.4e+07	2.6e+07	0.108
Win_1155	43	25	6e+06	8e+06	0.108
Win_1185	43	26	2.2e+07	2.4e+07	0.108
Win_1190	43	26	3.2e+07	3.4e+07	0.108
Win_1224	43	28	2e+06	4e+06	0.108
Win_1240	43	28	3.4e+07	3.6e+07	0.108
Win_239	43	4	5.4e+07	5.6e+07	0.108
Win_299	43	5	5.2e+07	5.4e+07	0.108
Win_300	43	5	5.4e+07	5.6e+07	0.108
Win_319	43	5	9.2e+07	9.4e+07	0.108
Win_343	43	6	1.4e+07	1.6e+07	0.108
Win_429	43	7	6.6e+07	6.8e+07	0.108
Win_449	43	7	1.06e+08	1.08e+08	0.108
Win_494	43	8	8.2e+07	8.4e+07	0.108
Win_495	43	8	8.4e+07	8.6e+07	0.108
Win_50	43	1	9.8e+07	1e+08	0.108
Win_517	43	9	1.4e+07	1.6e+07	0.108
Win_582	43	10	3.8e+07	4e+07	0.108
Win_703	43	12	6.6e+07	6.8e+07	0.108
Win_710	43	12	8e+07	8.2e+07	0.108
Win_810	43	15	1.6e+07	1.8e+07	0.108
Win_813	43	15	2.2e+07	2.4e+07	0.108
Win_9	43	1	1.6e+07	1.8e+07	0.108
Win_91	43	2	2e+07	2.2e+07	0.108
Win_95	43	2	2.8e+07	3e+07	0.108
Win_952	43	18	5.6e+07	5.8e+07	0.108
Win_958	43	19	2e+06	4e+06	0.108
Win_959	43	19	4e+06	6e+06	0.108
Win_1032	42	21	1.2e+07	1.4e+07	0.106
Win_1057	42	21	6.2e+07	6.4e+07	0.106
Win_1062	42	22	0	2e+06	0.106
Win_1083	42	22	4.2e+07	4.4e+07	0.106
Win_1092	42	22	6e+07	6.2e+07	0.106
Win_1106	42	23	2.6e+07	2.8e+07	0.106
Win_1140	42	24	4e+07	4.2e+07	0.106
Win_1232	42	28	1.8e+07	2e+07	0.106
Win_151	42	3	2e+06	4e+06	0.106
Win_207	42	3	1.14e+08	1.16e+08	0.106
Win_251	42	4	7.8e+07	8e+07	0.106
Win_337	42	6	2e+06	4e+06	0.106
Win_350	42	6	2.8e+07	3e+07	0.106
Win_351	42	6	3e+07	3.2e+07	0.106
Win_465	42	8	2.4e+07	2.6e+07	0.106
Win_468	42	8	3e+07	3.2e+07	0.106
Win_529	42	9	3.8e+07	4e+07	0.106
Win_533	42	9	4.6e+07	4.8e+07	0.106
Win_578	42	10	3e+07	3.2e+07	0.106
Win_682	42	12	2.4e+07	2.6e+07	0.106
Win_693	42	12	4.6e+07	4.8e+07	0.106
Win_700	42	12	6e+07	6.2e+07	0.106
Win_728	42	13	2.4e+07	2.6e+07	0.106
Win_760	42	14	2e+06	4e+06	0.106
Win_779	42	14	4e+07	4.2e+07	0.106
Win_800	42	14	8.2e+07	8.4e+07	0.106
Win_83	42	2	4e+06	6e+06	0.106
Win_875	42	16	6e+07	6.2e+07	0.106
Win_90	42	2	1.8e+07	2e+07	0.106
Win_92	42	2	2.2e+07	2.4e+07	0.106
Win_933	42	18	1.8e+07	2e+07	0.106
Win_94	42	2	2.6e+07	2.8e+07	0.106
Win_968	42	19	2.2e+07	2.4e+07	0.106
Win_1004	41	20	2.8e+07	3e+07	0.103
Win_1085	41	22	4.6e+07	4.8e+07	0.103
Win_118	41	2	7.4e+07	7.6e+07	0.103
Win_1219	41	27	3.8e+07	4e+07	0.103
Win_122	41	2	8.2e+07	8.4e+07	0.103
Win_1238	41	28	3e+07	3.2e+07	0.103
Win_1267	41	29	4e+07	4.2e+07	0.103
Win_127	41	2	9.2e+07	9.4e+07	0.103
Win_201	41	3	1.02e+08	1.04e+08	0.103
Win_234	41	4	4.4e+07	4.6e+07	0.103
Win_340	41	6	8e+06	1e+07	0.103
Win_430	41	7	6.8e+07	7e+07	0.103
Win_501	41	8	9.6e+07	9.8e+07	0.103
Win_518	41	9	1.6e+07	1.8e+07	0.103
Win_524	41	9	2.8e+07	3e+07	0.103
Win_528	41	9	3.6e+07	3.8e+07	0.103
Win_535	41	9	5e+07	5.2e+07	0.103
Win_557	41	9	9.4e+07	9.6e+07	0.103
Win_579	41	10	3.2e+07	3.4e+07	0.103
Win_614	41	10	1.02e+08	1.04e+08	0.103
Win_67	41	1	1.32e+08	1.34e+08	0.103
Win_68	41	1	1.34e+08	1.36e+08	0.103
Win_687	41	12	3.4e+07	3.6e+07	0.103
Win_708	41	12	7.6e+07	7.8e+07	0.103
Win_726	41	13	2e+07	2.2e+07	0.103
Win_749	41	13	6.6e+07	6.8e+07	0.103
Win_762	41	14	6e+06	8e+06	0.103
Win_781	41	14	4.4e+07	4.6e+07	0.103
Win_878	41	16	6.6e+07	6.8e+07	0.103
Win_88	41	2	1.4e+07	1.6e+07	0.103
Win_914	41	17	5.6e+07	5.8e+07	0.103
Win_922	41	17	7.2e+07	7.4e+07	0.103
Win_986	41	19	5.8e+07	6e+07	0.103
Win_1141	40	24	4.2e+07	4.4e+07	0.101
Win_1148	40	24	5.6e+07	5.8e+07	0.101
Win_1189	40	26	3e+07	3.2e+07	0.101
Win_120	40	2	7.8e+07	8e+07	0.101
Win_1206	40	27	1.2e+07	1.4e+07	0.101
Win_1226	40	28	6e+06	8e+06	0.101
Win_195	40	3	9e+07	9.2e+07	0.101
Win_196	40	3	9.2e+07	9.4e+07	0.101
Win_209	40	3	1.18e+08	1.2e+08	0.101
Win_224	40	4	2.4e+07	2.6e+07	0.101
Win_225	40	4	2.6e+07	2.8e+07	0.101
Win_415	40	7	3.8e+07	4e+07	0.101
Win_421	40	7	5e+07	5.2e+07	0.101
Win_422	40	7	5.2e+07	5.4e+07	0.101
Win_493	40	8	8e+07	8.2e+07	0.101
Win_539	40	9	5.8e+07	6e+07	0.101
Win_638	40	11	4.4e+07	4.6e+07	0.101
Win_678	40	12	1.6e+07	1.8e+07	0.101
Win_702	40	12	6.4e+07	6.6e+07	0.101
Win_778	40	14	3.8e+07	4e+07	0.101
Win_872	40	16	5.4e+07	5.6e+07	0.101
Win_912	40	17	5.2e+07	5.4e+07	0.101
Win_913	40	17	5.4e+07	5.6e+07	0.101
Win_957	40	19	0	2e+06	0.101
Win_1020	39	20	6e+07	6.2e+07	0.098
Win_1115	39	23	4.4e+07	4.6e+07	0.098
Win_1117	39	23	4.8e+07	5e+07	0.098
Win_1156	39	25	8e+06	1e+07	0.098
Win_1180	39	26	1.2e+07	1.4e+07	0.098
Win_1213	39	27	2.6e+07	2.8e+07	0.098
Win_1217	39	27	3.4e+07	3.6e+07	0.098
Win_1239	39	28	3.2e+07	3.4e+07	0.098
Win_235	39	4	4.6e+07	4.8e+07	0.098
Win_258	39	4	9.2e+07	9.4e+07	0.098
Win_423	39	7	5.4e+07	5.6e+07	0.098
Win_431	39	7	7e+07	7.2e+07	0.098
Win_44	39	1	8.6e+07	8.8e+07	0.098
Win_476	39	8	4.6e+07	4.8e+07	0.098
Win_516	39	9	1.2e+07	1.4e+07	0.098
Win_640	39	11	4.8e+07	5e+07	0.098
Win_725	39	13	1.8e+07	2e+07	0.098
Win_879	39	16	6.8e+07	7e+07	0.098
Win_900	39	17	2.8e+07	3e+07	0.098
Win_905	39	17	3.8e+07	4e+07	0.098
Win_935	39	18	2.2e+07	2.4e+07	0.098
Win_107	38	2	5.2e+07	5.4e+07	0.096
Win_1089	38	22	5.4e+07	5.6e+07	0.096
Win_1205	38	27	1e+07	1.2e+07	0.096
Win_1218	38	27	3.6e+07	3.8e+07	0.096
Win_1231	38	28	1.6e+07	1.8e+07	0.096
Win_143	38	2	1.24e+08	1.26e+08	0.096
Win_236	38	4	4.8e+07	5e+07	0.096
Win_259	38	4	9.4e+07	9.6e+07	0.096
Win_330	38	5	1.14e+08	1.16e+08	0.096
Win_342	38	6	1.2e+07	1.4e+07	0.096
Win_398	38	7	4e+06	6e+06	0.096
Win_407	38	7	2.2e+07	2.4e+07	0.096
Win_447	38	7	1.02e+08	1.04e+08	0.096
Win_49	38	1	9.6e+07	9.8e+07	0.096
Win_513	38	9	6e+06	8e+06	0.096
Win_563	38	10	0	2e+06	0.096
Win_577	38	10	2.8e+07	3e+07	0.096
Win_583	38	10	4e+07	4.2e+07	0.096
Win_609	38	10	9.2e+07	9.4e+07	0.096
Win_641	38	11	5e+07	5.2e+07	0.096
Win_763	38	14	8e+06	1e+07	0.096
Win_809	38	15	1.4e+07	1.6e+07	0.096
Win_814	38	15	2.4e+07	2.6e+07	0.096
Win_86	38	2	1e+07	1.2e+07	0.096
Win_87	38	2	1.2e+07	1.4e+07	0.096
Win_895	38	17	1.8e+07	2e+07	0.096
Win_930	38	18	1.2e+07	1.4e+07	0.096
Win_1029	37	21	6e+06	8e+06	0.093
Win_1070	37	22	1.6e+07	1.8e+07	0.093
Win_108	37	2	5.4e+07	5.6e+07	0.093
Win_1107	37	23	2.8e+07	3e+07	0.093
Win_114	37	2	6.6e+07	6.8e+07	0.093
Win_1144	37	24	4.8e+07	5e+07	0.093
Win_1157	37	25	1e+07	1.2e+07	0.093
Win_1191	37	26	3.4e+07	3.6e+07	0.093
Win_1222	37	27	4.4e+07	4.6e+07	0.093
Win_1233	37	28	2e+07	2.2e+07	0.093
Win_1245	37	28	4.4e+07	4.6e+07	0.093
Win_1250	37	29	6e+06	8e+06	0.093
Win_149	37	2	1.36e+08	1.38e+08	0.093
Win_150	37	3	0	2e+06	0.093
Win_178	37	3	5.6e+07	5.8e+07	0.093
Win_197	37	3	9.4e+07	9.6e+07	0.093
Win_38	37	1	7.4e+07	7.6e+07	0.093
Win_461	37	8	1.6e+07	1.8e+07	0.093
Win_48	37	1	9.4e+07	9.6e+07	0.093
Win_486	37	8	6.6e+07	6.8e+07	0.093
Win_488	37	8	7e+07	7.2e+07	0.093
Win_490	37	8	7.4e+07	7.6e+07	0.093
Win_5	37	1	8e+06	1e+07	0.093
Win_679	37	12	1.8e+07	2e+07	0.093
Win_688	37	12	3.6e+07	3.8e+07	0.093
Win_692	37	12	4.4e+07	4.6e+07	0.093
Win_75	37	1	1.48e+08	1.5e+08	0.093
Win_804	37	15	4e+06	6e+06	0.093
Win_937	37	18	2.6e+07	2.8e+07	0.093
Win_953	37	18	5.8e+07	6e+07	0.093
Win_954	37	18	6e+07	6.2e+07	0.093
Win_962	37	19	1e+07	1.2e+07	0.093
Win_964	37	19	1.4e+07	1.6e+07	0.093
Win_999	37	20	1.8e+07	2e+07	0.093
Win_1024	36	20	6.8e+07	7e+07	0.091
Win_103	36	2	4.4e+07	4.6e+07	0.091
Win_1053	36	21	5.4e+07	5.6e+07	0.091
Win_1094	36	23	2e+06	4e+06	0.091
Win_1164	36	25	2.4e+07	2.6e+07	0.091
Win_1237	36	28	2.8e+07	3e+07	0.091
Win_19	36	1	3.6e+07	3.8e+07	0.091
Win_198	36	3	9.6e+07	9.8e+07	0.091
Win_257	36	4	9e+07	9.2e+07	0.091
Win_338	36	6	4e+06	6e+06	0.091
Win_346	36	6	2e+07	2.2e+07	0.091
Win_414	36	7	3.6e+07	3.8e+07	0.091
Win_436	36	7	8e+07	8.2e+07	0.091
Win_437	36	7	8.2e+07	8.4e+07	0.091
Win_441	36	7	9e+07	9.2e+07	0.091
Win_442	36	7	9.2e+07	9.4e+07	0.091
Win_453	36	8	0	2e+06	0.091
Win_459	36	8	1.2e+07	1.4e+07	0.091
Win_470	36	8	3.4e+07	3.6e+07	0.091
Win_475	36	8	4.4e+07	4.6e+07	0.091
Win_489	36	8	7.2e+07	7.4e+07	0.091
Win_499	36	8	9.2e+07	9.4e+07	0.091
Win_536	36	9	5.2e+07	5.4e+07	0.091
Win_558	36	9	9.6e+07	9.8e+07	0.091
Win_568	36	10	1e+07	1.2e+07	0.091
Win_576	36	10	2.6e+07	2.8e+07	0.091
Win_676	36	12	1.2e+07	1.4e+07	0.091
Win_717	36	13	2e+06	4e+06	0.091
Win_815	36	15	2.6e+07	2.8e+07	0.091
Win_846	36	16	2e+06	4e+06	0.091
Win_874	36	16	5.8e+07	6e+07	0.091
Win_876	36	16	6.2e+07	6.4e+07	0.091
Win_883	36	16	7.6e+07	7.8e+07	0.091
Win_924	36	18	0	2e+06	0.091
Win_926	36	18	4e+06	6e+06	0.091
Win_932	36	18	1.6e+07	1.8e+07	0.091
Win_961	36	19	8e+06	1e+07	0.091
Win_998	36	20	1.6e+07	1.8e+07	0.091
Win_1009	35	20	3.8e+07	4e+07	0.088
Win_1016	35	20	5.2e+07	5.4e+07	0.088
Win_1055	35	21	5.8e+07	6e+07	0.088
Win_1095	35	23	4e+06	6e+06	0.088
Win_1108	35	23	3e+07	3.2e+07	0.088
Win_1158	35	25	1.2e+07	1.4e+07	0.088
Win_1210	35	27	2e+07	2.2e+07	0.088
Win_1223	35	28	0	2e+06	0.088
Win_1225	35	28	4e+06	6e+06	0.088
Win_1234	35	28	2.2e+07	2.4e+07	0.088
Win_1255	35	29	1.6e+07	1.8e+07	0.088
Win_1271	35	29	4.8e+07	5e+07	0.088
Win_170	35	3	4e+07	4.2e+07	0.088
Win_237	35	4	5e+07	5.2e+07	0.088
Win_238	35	4	5.2e+07	5.4e+07	0.088
Win_245	35	4	6.6e+07	6.8e+07	0.088
Win_345	35	6	1.8e+07	2e+07	0.088
Win_347	35	6	2.2e+07	2.4e+07	0.088
Win_349	35	6	2.6e+07	2.8e+07	0.088
Win_409	35	7	2.6e+07	2.8e+07	0.088
Win_457	35	8	8e+06	1e+07	0.088
Win_471	35	8	3.6e+07	3.8e+07	0.088
Win_477	35	8	4.8e+07	5e+07	0.088
Win_485	35	8	6.4e+07	6.6e+07	0.088
Win_519	35	9	1.8e+07	2e+07	0.088
Win_541	35	9	6.2e+07	6.4e+07	0.088
Win_565	35	10	4e+06	6e+06	0.088
Win_566	35	10	6e+06	8e+06	0.088
Win_567	35	10	8e+06	1e+07	0.088
Win_585	35	10	4.4e+07	4.6e+07	0.088
Win_655	35	11	7.8e+07	8e+07	0.088
Win_684	35	12	2.8e+07	3e+07	0.088
Win_782	35	14	4.6e+07	4.8e+07	0.088
Win_807	35	15	1e+07	1.2e+07	0.088
Win_808	35	15	1.2e+07	1.4e+07	0.088
Win_834	35	15	6.4e+07	6.6e+07	0.088
Win_851	35	16	1.2e+07	1.4e+07	0.088
Win_877	35	16	6.4e+07	6.6e+07	0.088
Win_880	35	16	7e+07	7.2e+07	0.088
Win_884	35	16	7.8e+07	8e+07	0.088
Win_894	35	17	1.6e+07	1.8e+07	0.088
Win_901	35	17	3e+07	3.2e+07	0.088
Win_927	35	18	6e+06	8e+06	0.088
Win_987	35	19	6e+07	6.2e+07	0.088
Win_988	35	19	6.2e+07	6.4e+07	0.088
Win_990	35	20	0	2e+06	0.088
Win_1054	34	21	5.6e+07	5.8e+07	0.086
Win_1080	34	22	3.6e+07	3.8e+07	0.086
Win_1123	34	24	6e+06	8e+06	0.086
Win_1175	34	26	2e+06	4e+06	0.086
Win_1197	34	26	4.6e+07	4.8e+07	0.086
Win_1207	34	27	1.4e+07	1.6e+07	0.086
Win_1249	34	29	4e+06	6e+06	0.086
Win_1251	34	29	8e+06	1e+07	0.086
Win_1254	34	29	1.4e+07	1.6e+07	0.086
Win_1257	34	29	2e+07	2.2e+07	0.086
Win_166	34	3	3.2e+07	3.4e+07	0.086
Win_22	34	1	4.2e+07	4.4e+07	0.086
Win_242	34	4	6e+07	6.2e+07	0.086
Win_270	34	4	1.16e+08	1.18e+08	0.086
Win_287	34	5	2.8e+07	3e+07	0.086
Win_288	34	5	3e+07	3.2e+07	0.086
Win_341	34	6	1e+07	1.2e+07	0.086
Win_348	34	6	2.4e+07	2.6e+07	0.086
Win_395	34	6	1.18e+08	1.2e+08	0.086
Win_404	34	7	1.6e+07	1.8e+07	0.086
Win_445	34	7	9.8e+07	1e+08	0.086
Win_460	34	8	1.4e+07	1.6e+07	0.086
Win_480	34	8	5.4e+07	5.6e+07	0.086
Win_487	34	8	6.8e+07	7e+07	0.086
Win_571	34	10	1.6e+07	1.8e+07	0.086
Win_619	34	11	6e+06	8e+06	0.086
Win_653	34	11	7.4e+07	7.6e+07	0.086
Win_66	34	1	1.3e+08	1.32e+08	0.086
Win_677	34	12	1.4e+07	1.6e+07	0.086
Win_761	34	14	4e+06	6e+06	0.086
Win_822	34	15	4e+07	4.2e+07	0.086
Win_828	34	15	5.2e+07	5.4e+07	0.086
Win_835	34	15	6.6e+07	6.8e+07	0.086
Win_893	34	17	1.4e+07	1.6e+07	0.086
Win_904	34	17	3.6e+07	3.8e+07	0.086
Win_931	34	18	1.4e+07	1.6e+07	0.086
Win_934	34	18	2e+07	2.2e+07	0.086
Win_948	34	18	4.8e+07	5e+07	0.086
Win_949	34	18	5e+07	5.2e+07	0.086
Win_951	34	18	5.4e+07	5.6e+07	0.086
Win_963	34	19	1.2e+07	1.4e+07	0.086
Win_965	34	19	1.6e+07	1.8e+07	0.086
Win_995	34	20	1e+07	1.2e+07	0.086
Win_1010	33	20	4e+07	4.2e+07	0.083
Win_1056	33	21	6e+07	6.2e+07	0.083
Win_1084	33	22	4.4e+07	4.6e+07	0.083
Win_1113	33	23	4e+07	4.2e+07	0.083
Win_1125	33	24	1e+07	1.2e+07	0.083
Win_1229	33	28	1.2e+07	1.4e+07	0.083
Win_128	33	2	9.4e+07	9.6e+07	0.083
Win_13	33	1	2.4e+07	2.6e+07	0.083
Win_169	33	3	3.8e+07	4e+07	0.083
Win_18	33	1	3.4e+07	3.6e+07	0.083
Win_255	33	4	8.6e+07	8.8e+07	0.083
Win_275	33	5	4e+06	6e+06	0.083
Win_4	33	1	6e+06	8e+06	0.083
Win_440	33	7	8.8e+07	9e+07	0.083
Win_472	33	8	3.8e+07	4e+07	0.083
Win_543	33	9	6.6e+07	6.8e+07	0.083
Win_560	33	9	1e+08	1.02e+08	0.083
Win_570	33	10	1.4e+07	1.6e+07	0.083
Win_572	33	10	1.8e+07	2e+07	0.083
Win_65	33	1	1.28e+08	1.3e+08	0.083
Win_691	33	12	4.2e+07	4.4e+07	0.083
Win_847	33	16	4e+06	6e+06	0.083
Win_871	33	16	5.2e+07	5.4e+07	0.083
Win_873	33	16	5.6e+07	5.8e+07	0.083
Win_899	33	17	2.6e+07	2.8e+07	0.083
Win_93	33	2	2.4e+07	2.6e+07	0.083
Win_938	33	18	2.8e+07	3e+07	0.083
Win_1	32	1	0	2e+06	0.081
Win_1014	32	20	4.8e+07	5e+07	0.081
Win_1122	32	24	4e+06	6e+06	0.081
Win_1126	32	24	1.2e+07	1.4e+07	0.081
Win_115	32	2	6.8e+07	7e+07	0.081
Win_1169	32	25	3.4e+07	3.6e+07	0.081
Win_1176	32	26	4e+06	6e+06	0.081
Win_1187	32	26	2.6e+07	2.8e+07	0.081
Win_1188	32	26	2.8e+07	3e+07	0.081
Win_124	32	2	8.6e+07	8.8e+07	0.081
Win_16	32	1	3e+07	3.2e+07	0.081
Win_179	32	3	5.8e+07	6e+07	0.081
Win_180	32	3	6e+07	6.2e+07	0.081
Win_339	32	6	6e+06	8e+06	0.081
Win_446	32	7	1e+08	1.02e+08	0.081
Win_456	32	8	6e+06	8e+06	0.081
Win_481	32	8	5.6e+07	5.8e+07	0.081
Win_483	32	8	6e+07	6.2e+07	0.081
Win_509	32	8	1.12e+08	1.14e+08	0.081
Win_51	32	1	1e+08	1.02e+08	0.081
Win_515	32	9	1e+07	1.2e+07	0.081
Win_559	32	9	9.8e+07	1e+08	0.081
Win_607	32	10	8.8e+07	9e+07	0.081
Win_610	32	10	9.4e+07	9.6e+07	0.081
Win_657	32	11	8.2e+07	8.4e+07	0.081
Win_690	32	12	4e+07	4.2e+07	0.081
Win_724	32	13	1.6e+07	1.8e+07	0.081
Win_8	32	1	1.4e+07	1.6e+07	0.081
Win_827	32	15	5e+07	5.2e+07	0.081
Win_897	32	17	2.2e+07	2.4e+07	0.081
Win_921	32	17	7e+07	7.2e+07	0.081
Win_939	32	18	3e+07	3.2e+07	0.081
Win_99	32	2	3.6e+07	3.8e+07	0.081
Win_1005	31	20	3e+07	3.2e+07	0.078
Win_1015	31	20	5e+07	5.2e+07	0.078
Win_106	31	2	5e+07	5.2e+07	0.078
Win_1109	31	23	3.2e+07	3.4e+07	0.078
Win_1124	31	24	8e+06	1e+07	0.078
Win_1211	31	27	2.2e+07	2.4e+07	0.078
Win_1212	31	27	2.4e+07	2.6e+07	0.078
Win_144	31	2	1.26e+08	1.28e+08	0.078
Win_162	31	3	2.4e+07	2.6e+07	0.078
Win_172	31	3	4.4e+07	4.6e+07	0.078
Win_199	31	3	9.8e+07	1e+08	0.078
Win_20	31	1	3.8e+07	4e+07	0.078
Win_21	31	1	4e+07	4.2e+07	0.078
Win_23	31	1	4.4e+07	4.6e+07	0.078
Win_24	31	1	4.6e+07	4.8e+07	0.078
Win_331	31	5	1.16e+08	1.18e+08	0.078
Win_336	31	6	0	2e+06	0.078
Win_37	31	1	7.2e+07	7.4e+07	0.078
Win_410	31	7	2.8e+07	3e+07	0.078
Win_451	31	7	1.1e+08	1.12e+08	0.078
Win_473	31	8	4e+07	4.2e+07	0.078
Win_484	31	8	6.2e+07	6.4e+07	0.078
Win_542	31	9	6.4e+07	6.6e+07	0.078
Win_556	31	9	9.2e+07	9.4e+07	0.078
Win_584	31	10	4.2e+07	4.4e+07	0.078
Win_587	31	10	4.8e+07	5e+07	0.078
Win_6	31	1	1e+07	1.2e+07	0.078
Win_613	31	10	1e+08	1.02e+08	0.078
Win_654	31	11	7.6e+07	7.8e+07	0.078
Win_656	31	11	8e+07	8.2e+07	0.078
Win_7	31	1	1.2e+07	1.4e+07	0.078
Win_718	31	13	4e+06	6e+06	0.078
Win_776	31	14	3.4e+07	3.6e+07	0.078
Win_823	31	15	4.2e+07	4.4e+07	0.078
Win_829	31	15	5.4e+07	5.6e+07	0.078
Win_838	31	15	7.2e+07	7.4e+07	0.078
Win_839	31	15	7.4e+07	7.6e+07	0.078
Win_845	31	16	0	2e+06	0.078
Win_892	31	17	1.2e+07	1.4e+07	0.078
Win_947	31	18	4.6e+07	4.8e+07	0.078
Win_992	31	20	4e+06	6e+06	0.078
Win_997	31	20	1.4e+07	1.6e+07	0.078
Win_100	30	2	3.8e+07	4e+07	0.076
Win_102	30	2	4.2e+07	4.4e+07	0.076
Win_1120	30	24	0	2e+06	0.076
Win_1165	30	25	2.6e+07	2.8e+07	0.076
Win_1170	30	25	3.6e+07	3.8e+07	0.076
Win_1172	30	25	4e+07	4.2e+07	0.076
Win_1186	30	26	2.4e+07	2.6e+07	0.076
Win_1208	30	27	1.6e+07	1.8e+07	0.076
Win_146	30	2	1.3e+08	1.32e+08	0.076
Win_152	30	3	4e+06	6e+06	0.076
Win_17	30	1	3.2e+07	3.4e+07	0.076
Win_202	30	3	1.04e+08	1.06e+08	0.076
Win_254	30	4	8.4e+07	8.6e+07	0.076
Win_265	30	4	1.06e+08	1.08e+08	0.076
Win_266	30	4	1.08e+08	1.1e+08	0.076
Win_267	30	4	1.1e+08	1.12e+08	0.076
Win_478	30	8	5e+07	5.2e+07	0.076
Win_482	30	8	5.8e+07	6e+07	0.076
Win_52	30	1	1.02e+08	1.04e+08	0.076
Win_540	30	9	6e+07	6.2e+07	0.076
Win_551	30	9	8.2e+07	8.4e+07	0.076
Win_611	30	10	9.6e+07	9.8e+07	0.076
Win_615	30	10	1.04e+08	1.06e+08	0.076
Win_689	30	12	3.8e+07	4e+07	0.076
Win_777	30	14	3.6e+07	3.8e+07	0.076
Win_831	30	15	5.8e+07	6e+07	0.076
Win_84	30	2	6e+06	8e+06	0.076
Win_841	30	15	7.8e+07	8e+07	0.076
Win_849	30	16	8e+06	1e+07	0.076
Win_898	30	17	2.4e+07	2.6e+07	0.076
Win_993	30	20	6e+06	8e+06	0.076
Win_1019	29	20	5.8e+07	6e+07	0.073
Win_104	29	2	4.6e+07	4.8e+07	0.073
Win_1079	29	22	3.4e+07	3.6e+07	0.073
Win_109	29	2	5.6e+07	5.8e+07	0.073
Win_1100	29	23	1.4e+07	1.6e+07	0.073
Win_1111	29	23	3.6e+07	3.8e+07	0.073
Win_113	29	2	6.4e+07	6.6e+07	0.073
Win_1177	29	26	6e+06	8e+06	0.073
Win_1253	29	29	1.2e+07	1.4e+07	0.073
Win_1256	29	29	1.8e+07	2e+07	0.073
Win_14	29	1	2.6e+07	2.8e+07	0.073
Win_161	29	3	2.2e+07	2.4e+07	0.073
Win_200	29	3	1e+08	1.02e+08	0.073
Win_248	29	4	7.2e+07	7.4e+07	0.073
Win_25	29	1	4.8e+07	5e+07	0.073
Win_273	29	5	0	2e+06	0.073
Win_274	29	5	2e+06	4e+06	0.073
Win_36	29	1	7e+07	7.2e+07	0.073
Win_427	29	7	6.2e+07	6.4e+07	0.073
Win_455	29	8	4e+06	6e+06	0.073
Win_474	29	8	4.2e+07	4.4e+07	0.073
Win_54	29	1	1.06e+08	1.08e+08	0.073
Win_550	29	9	8e+07	8.2e+07	0.073
Win_69	29	1	1.36e+08	1.38e+08	0.073
Win_764	29	14	1e+07	1.2e+07	0.073
Win_840	29	15	7.6e+07	7.8e+07	0.073
Win_896	29	17	2e+07	2.2e+07	0.073
Win_923	29	17	7.4e+07	7.6e+07	0.073
Win_950	29	18	5.2e+07	5.4e+07	0.073
Win_101	28	2	4e+07	4.2e+07	0.071
Win_1097	28	23	8e+06	1e+07	0.071
Win_1098	28	23	1e+07	1.2e+07	0.071
Win_1105	28	23	2.4e+07	2.6e+07	0.071
Win_1112	28	23	3.8e+07	4e+07	0.071
Win_112	28	2	6.2e+07	6.4e+07	0.071
Win_123	28	2	8.4e+07	8.6e+07	0.071
Win_135	28	2	1.08e+08	1.1e+08	0.071
Win_140	28	2	1.18e+08	1.2e+08	0.071
Win_142	28	2	1.22e+08	1.24e+08	0.071
Win_26	28	1	5e+07	5.2e+07	0.071
Win_269	28	4	1.14e+08	1.16e+08	0.071
Win_27	28	1	5.2e+07	5.4e+07	0.071
Win_3	28	1	4e+06	6e+06	0.071
Win_332	28	5	1.18e+08	1.2e+08	0.071
Win_399	28	7	6e+06	8e+06	0.071
Win_469	28	8	3.2e+07	3.4e+07	0.071
Win_547	28	9	7.4e+07	7.6e+07	0.071
Win_561	28	9	1.02e+08	1.04e+08	0.071
Win_562	28	9	1.04e+08	1.06e+08	0.071
Win_686	28	12	3.2e+07	3.4e+07	0.071
Win_716	28	13	0	2e+06	0.071
Win_775	28	14	3.2e+07	3.4e+07	0.071
Win_803	28	15	2e+06	4e+06	0.071
Win_843	28	15	8.2e+07	8.4e+07	0.071
Win_891	28	17	1e+07	1.2e+07	0.071
Win_936	28	18	2.4e+07	2.6e+07	0.071
Win_1011	27	20	4.2e+07	4.4e+07	0.068
Win_1012	27	20	4.4e+07	4.6e+07	0.068
Win_1025	27	20	7e+07	7.2e+07	0.068
Win_1099	27	23	1.2e+07	1.4e+07	0.068
Win_110	27	2	5.8e+07	6e+07	0.068
Win_1110	27	23	3.4e+07	3.6e+07	0.068
Win_1134	27	24	2.8e+07	3e+07	0.068
Win_1166	27	25	2.8e+07	3e+07	0.068
Win_1167	27	25	3e+07	3.2e+07	0.068
Win_1174	27	26	0	2e+06	0.068
Win_1198	27	26	4.8e+07	5e+07	0.068
Win_1209	27	27	1.8e+07	2e+07	0.068
Win_1214	27	27	2.8e+07	3e+07	0.068
Win_1230	27	28	1.4e+07	1.6e+07	0.068
Win_1246	27	28	4.6e+07	4.8e+07	0.068
Win_125	27	2	8.8e+07	9e+07	0.068
Win_130	27	2	9.8e+07	1e+08	0.068
Win_138	27	2	1.14e+08	1.16e+08	0.068
Win_153	27	3	6e+06	8e+06	0.068
Win_158	27	3	1.6e+07	1.8e+07	0.068
Win_249	27	4	7.4e+07	7.6e+07	0.068
Win_256	27	4	8.8e+07	9e+07	0.068
Win_428	27	7	6.4e+07	6.6e+07	0.068
Win_454	27	8	2e+06	4e+06	0.068
Win_586	27	10	4.6e+07	4.8e+07	0.068
Win_597	27	10	6.8e+07	7e+07	0.068
Win_64	27	1	1.26e+08	1.28e+08	0.068
Win_683	27	12	2.6e+07	2.8e+07	0.068
Win_719	27	13	6e+06	8e+06	0.068
Win_72	27	1	1.42e+08	1.44e+08	0.068
Win_723	27	13	1.4e+07	1.6e+07	0.068
Win_757	27	13	8.2e+07	8.4e+07	0.068
Win_801	27	14	8.4e+07	8.6e+07	0.068
Win_805	27	15	6e+06	8e+06	0.068
Win_826	27	15	4.8e+07	5e+07	0.068
Win_955	27	18	6.2e+07	6.4e+07	0.068
Win_960	27	19	6e+06	8e+06	0.068
Win_1013	26	20	4.6e+07	4.8e+07	0.065
Win_1101	26	23	1.6e+07	1.8e+07	0.065
Win_111	26	2	6e+07	6.2e+07	0.065
Win_1173	26	25	4.2e+07	4.4e+07	0.065
Win_132	26	2	1.02e+08	1.04e+08	0.065
Win_15	26	1	2.8e+07	3e+07	0.065
Win_168	26	3	3.6e+07	3.8e+07	0.065
Win_174	26	3	4.8e+07	5e+07	0.065
Win_448	26	7	1.04e+08	1.06e+08	0.065
Win_479	26	8	5.2e+07	5.4e+07	0.065
Win_549	26	9	7.8e+07	8e+07	0.065
Win_62	26	1	1.22e+08	1.24e+08	0.065
Win_70	26	1	1.38e+08	1.4e+08	0.065
Win_71	26	1	1.4e+08	1.42e+08	0.065
Win_759	26	14	0	2e+06	0.065
Win_881	26	16	7.2e+07	7.4e+07	0.065
Win_885	26	16	8e+07	8.2e+07	0.065
Win_994	26	20	8e+06	1e+07	0.065
Win_1096	25	23	6e+06	8e+06	0.063
Win_1168	25	25	3.2e+07	3.4e+07	0.063
Win_1199	25	26	5e+07	5.2e+07	0.063
Win_126	25	2	9e+07	9.2e+07	0.063
Win_131	25	2	1e+08	1.02e+08	0.063
Win_141	25	2	1.2e+08	1.22e+08	0.063
Win_160	25	3	2e+07	2.2e+07	0.063
Win_163	25	3	2.6e+07	2.8e+07	0.063
Win_167	25	3	3.4e+07	3.6e+07	0.063
Win_263	25	4	1.02e+08	1.04e+08	0.063
Win_268	25	4	1.12e+08	1.14e+08	0.063
Win_408	25	7	2.4e+07	2.6e+07	0.063
Win_426	25	7	6e+07	6.2e+07	0.063
Win_56	25	1	1.1e+08	1.12e+08	0.063
Win_588	25	10	5e+07	5.2e+07	0.063
Win_603	25	10	8e+07	8.2e+07	0.063
Win_63	25	1	1.24e+08	1.26e+08	0.063
Win_685	25	12	3e+07	3.2e+07	0.063
Win_721	25	13	1e+07	1.2e+07	0.063
Win_766	25	14	1.4e+07	1.6e+07	0.063
Win_833	25	15	6.2e+07	6.4e+07	0.063
Win_837	25	15	7e+07	7.2e+07	0.063
Win_848	25	16	6e+06	8e+06	0.063
Win_882	25	16	7.4e+07	7.6e+07	0.063
Win_989	25	19	6.4e+07	6.6e+07	0.063
Win_991	25	20	2e+06	4e+06	0.063
Win_133	24	2	1.04e+08	1.06e+08	0.06
Win_157	24	3	1.4e+07	1.6e+07	0.06
Win_164	24	3	2.8e+07	3e+07	0.06
Win_165	24	3	3e+07	3.2e+07	0.06
Win_173	24	3	4.6e+07	4.8e+07	0.06
Win_210	24	3	1.2e+08	1.22e+08	0.06
Win_425	24	7	5.8e+07	6e+07	0.06
Win_548	24	9	7.6e+07	7.8e+07	0.06
Win_55	24	1	1.08e+08	1.1e+08	0.06
Win_574	24	10	2.2e+07	2.4e+07	0.06
Win_60	24	1	1.18e+08	1.2e+08	0.06
Win_605	24	10	8.4e+07	8.6e+07	0.06
Win_704	24	12	6.8e+07	7e+07	0.06
Win_774	24	14	3e+07	3.2e+07	0.06
Win_806	24	15	8e+06	1e+07	0.06
Win_830	24	15	5.6e+07	5.8e+07	0.06
Win_842	24	15	8e+07	8.2e+07	0.06
Win_105	23	2	4.8e+07	5e+07	0.058
Win_1102	23	23	1.8e+07	2e+07	0.058
Win_1114	23	23	4.2e+07	4.4e+07	0.058
Win_1272	23	29	5e+07	5.2e+07	0.058
Win_145	23	2	1.28e+08	1.3e+08	0.058
Win_401	23	7	1e+07	1.2e+07	0.058
Win_53	23	1	1.04e+08	1.06e+08	0.058
Win_573	23	10	2e+07	2.2e+07	0.058
Win_575	23	10	2.4e+07	2.6e+07	0.058
Win_596	23	10	6.6e+07	6.8e+07	0.058
Win_61	23	1	1.2e+08	1.22e+08	0.058
Win_612	23	10	9.8e+07	1e+08	0.058
Win_720	23	13	8e+06	1e+07	0.058
Win_767	23	14	1.6e+07	1.8e+07	0.058
Win_773	23	14	2.8e+07	3e+07	0.058
Win_1118	22	23	5e+07	5.2e+07	0.055
Win_129	22	2	9.6e+07	9.8e+07	0.055
Win_264	22	4	1.04e+08	1.06e+08	0.055
Win_271	22	4	1.18e+08	1.2e+08	0.055
Win_400	22	7	8e+06	1e+07	0.055
Win_424	22	7	5.6e+07	5.8e+07	0.055
Win_545	22	9	7e+07	7.2e+07	0.055
Win_546	22	9	7.2e+07	7.4e+07	0.055
Win_604	22	10	8.2e+07	8.4e+07	0.055
Win_765	22	14	1.2e+07	1.4e+07	0.055
Win_836	22	15	6.8e+07	7e+07	0.055
Win_946	22	18	4.4e+07	4.6e+07	0.055
Win_956	22	18	6.4e+07	6.6e+07	0.055
Win_139	21	2	1.16e+08	1.18e+08	0.053
Win_155	21	3	1e+07	1.2e+07	0.053
Win_156	21	3	1.2e+07	1.4e+07	0.053
Win_159	21	3	1.8e+07	2e+07	0.053
Win_333	21	5	1.2e+08	1.22e+08	0.053
Win_452	21	7	1.12e+08	1.14e+08	0.053
Win_544	21	9	6.8e+07	7e+07	0.053
Win_589	21	10	5.2e+07	5.4e+07	0.053
Win_591	21	10	5.6e+07	5.8e+07	0.053
Win_73	21	1	1.44e+08	1.46e+08	0.053
Win_74	21	1	1.46e+08	1.48e+08	0.053
Win_771	21	14	2.4e+07	2.6e+07	0.053
Win_772	21	14	2.6e+07	2.8e+07	0.053
Win_844	21	15	8.4e+07	8.6e+07	0.053
Win_996	21	20	1.2e+07	1.4e+07	0.053
Win_134	20	2	1.06e+08	1.08e+08	0.05
Win_593	20	10	6e+07	6.2e+07	0.05
Win_595	20	10	6.4e+07	6.6e+07	0.05
Win_598	20	10	7e+07	7.2e+07	0.05
Win_599	20	10	7.2e+07	7.4e+07	0.05
Win_705	20	12	7e+07	7.2e+07	0.05
Win_758	20	13	8.4e+07	8.6e+07	0.05
Win_1119	19	23	5.2e+07	5.4e+07	0.048
Win_552	19	9	8.4e+07	8.6e+07	0.048
Win_553	19	9	8.6e+07	8.8e+07	0.048
Win_58	19	1	1.14e+08	1.16e+08	0.048
Win_1103	18	23	2e+07	2.2e+07	0.045
Win_154	18	3	8e+06	1e+07	0.045
Win_555	18	9	9e+07	9.2e+07	0.045
Win_590	18	10	5.4e+07	5.6e+07	0.045
Win_592	18	10	5.8e+07	6e+07	0.045
Win_594	18	10	6.2e+07	6.4e+07	0.045
Win_602	18	10	7.8e+07	8e+07	0.045
Win_707	18	12	7.4e+07	7.6e+07	0.045
Win_722	18	13	1.2e+07	1.4e+07	0.045
Win_770	18	14	2.2e+07	2.4e+07	0.045
Win_554	17	9	8.8e+07	9e+07	0.043
Win_59	17	1	1.16e+08	1.18e+08	0.043
Win_600	17	10	7.4e+07	7.6e+07	0.043
Win_706	17	12	7.2e+07	7.4e+07	0.043
Win_802	17	15	0	2e+06	0.043
Win_606	16	10	8.6e+07	8.8e+07	0.04
Win_768	16	14	1.8e+07	2e+07	0.04
Win_832	16	15	6e+07	6.2e+07	0.04
Win_272	15	4	1.2e+08	1.22e+08	0.038
Win_334	14	5	1.22e+08	1.24e+08	0.035
Win_335	14	5	1.24e+08	1.26e+08	0.035
Win_769	13	14	2e+07	2.2e+07	0.033
Win_1104	12	23	2.2e+07	2.4e+07	0.03
Win_211	12	3	1.22e+08	1.24e+08	0.03
Win_57	12	1	1.12e+08	1.14e+08	0.03
Win_601	12	10	7.6e+07	7.8e+07	0.03
